3818 12113 3002
3156 25417 7560
1362 68373 3482
2777 29951 20716
3505 10808 23458
3488 19319 2438
2127 47137 23240
3068 27094 12955
756 78769 24395
3109 25087 15118
3264 23217 6324
3317 15004 23234
3125 25991 10978
2411 43042 11896
2957 29167 14473
1885 55643 2345
3328 18420 17640
3639 16609 5558
2536 37356 21166
1983 53498 5013
2841 31909 15687
3135 23750 16959
2858 33305 4463
3320 16291 21804
2504 38743 17394
2831 33194 11287
3294 21790 12393
3667 1697 21259
3263 24018 5647
2371 44263 1675
2087 48643 22330
3367 17657 16501
2691 35289 18609
2032 51704 13869
1930 52597 19647
3826 7612 16705
1467 65397 8298
2586 39149 9077
2095 48313 18150
2509 40985 10513
1620 60723 15271
2939 30684 9446
1728 59027 11068
4048 4942 2951
3354 20647 769
3015 28533 12636
2838 27572 23088
2724 29687 25000
2661 34304 19550
2477 41697 4249
3309 21806 10642
2892 32492 6371
1156 72884 7769
3646 14336 0
2711 36612 670
3388 20373 8352
2419 37682 24377
2036 50244 16572
2287 45655 4759
1803 57025 13788
1530 62834 18758
2782 35271 6894
2473 42551 6853
2555 39848 1555
344 90891 20908
3720 13268 13025
2320 45276 9469
3693 9276 20057
