1865 56606 4135
1447 63241 23707
2092 48837 16977
2030 51971 11941
3626 15191 12944
1809 58444 2172
2578 37292 15524
768 82797 10613
1551 62108 16799
2538 38002 20250
3390 19770 8007
2910 26054 21623
2236 44016 22825
2729 33938 18268
2485 40385 3604
2440 42991 6317
2895 32567 4947
2687 30585 24338
1537 63974 5386
3105 23155 19086
1898 53475 19043
3083 28138 1992
2449 42042 12529
14 100000 15360
2333 45281 12269
1194 72080 6987
1638 57812 25000
2584 39432 9778
605 85866 7417
1467 65397 8298
1267 68156 21677
1221 69651 18068
1660 59846 14091
2057 50779 9541
2166 46998 15971
1078 76079 10751
1743 60416 0
2255 47273 1521
384 90660 20293
4031 6086 11118
1927 55808 687
816 80283 21002
1982 52694 6028
1084 74454 16499
1237 71034 14563
1302 66484 23283
1820 54272 22142
2781 35009 9047
974 77791 4062
2146 49724 2563
