1947 54531 3307
1601 59852 21395
2194 46533 19407
2184 48903 12518
3509 8653 23201
1846 57074 2514
2768 33196 13625
925 79495 10217
1700 58494 18248
2567 34893 22753
3819 11498 1249
3056 22019 23945
2356 40075 24128
2959 28570 15761
2749 35912 822
2552 40658 6338
3087 27016 9180
2799 27770 24359
1719 60016 7820
3398 12890 24275
2048 49537 21704
3338 21334 672
2527 39525 12918
327 92980 11842
2396 43623 10341
1342 68873 5416
1744 55837 24466
2663 37394 10107
798 82122 5959
1613 61954 10019
1417 65331 20162
1373 66104 17487
1841 55887 14168
2246 47011 8750
2352 42860 17306
1164 72923 11504
1777 59239 701
2409 43520 526
582 85621 22035
3835 5026 17144
2039 53055 677
984 74683 22567
2134 49865 6352
1128 72373 17915
1434 66195 13770
1335 65236 23402
1972 50583 24199
3050 27941 11829
1256 72964 603
2217 47492 4791
