1.6540592886411e-10
1.6540592886411e-10
1.6540592886411e-10
1.6540592886411e-10
1.6540592886411e-10
1.6540592886411e-10
1.6540592886411e-10
1.6540592886411e-10
1.6540592886411e-10
1.84783671621624e-10
1.88373957189752e-10
1.6540592886411e-10
1.90863866602212e-10
2.1287513749826e-10
1.6540592886411e-10
1.6540592886411e-10
1.84600850176156e-10
1.853883002168e-10
1.94753001110007e-10
1.6540592886411e-10
1.6540592886411e-10
1.90830564490191e-10
2.14078745710573e-10
1.87555307087663e-10
1.87555307087663e-10
2.21638707106426e-10
2.4944888638335e-10
2.21638707106426e-10
2.32633733757181e-10
2.52654878876557e-10
2.89870511376492e-10
1.90981298037518e-10
1.6540592886411e-10
1.6540592886411e-10
1.6540592886411e-10
2.04188661544529e-10
2.24671655238853e-10
2.37671688640448e-10
2.61138071807813e-10
2.61163659434381e-10
2.2178451492106e-10
2.43462529729852e-10
2.77306419133065e-10
2.4944888638335e-10
2.77302025773057e-10
3.10782781685705e-10
3.10782781685705e-10
3.02240490065092e-10
3.50012697732584e-10
3.10916240262252e-10
1.6540592886411e-10
1.92916214569201e-10
1.6540592886411e-10
1.6540592886411e-10
1.6540592886411e-10
1.6540592886411e-10
1.6540592886411e-10
1.6540592886411e-10
1.6540592886411e-10
1.6540592886411e-10
2.15012495472738e-10
2.02686304580264e-10
2.88017013715766e-10
2.02070271106337e-10
2.46853389922049e-10
2.85157406011922e-10
3.20209307038583e-10
2.75286287454504e-10
2.92445396979123e-10
3.29088237596774e-10
3.16562659179847e-10
3.17410935956172e-10
3.10782781685705e-10
3.55521069723263e-10
3.55521069723263e-10
3.73022224819865e-10
4.00371300205982e-10
3.72132333971426e-10
4.11888406681675e-10
3.88828894866419e-10
4.9041097727278e-10
2.15331125191246e-10
1.90599629517658e-10
1.6540592886411e-10
2.07686165290477e-10
2.03420532514964e-10
1.90414389906891e-10
2.16435771432853e-10
2.10543396031557e-10
2.11087934091531e-10
2.11767018952548e-10
1.85499215904272e-10
1.85524924030415e-10
1.6540592886411e-10
1.6540592886411e-10
2.6938755334595e-10
2.61097976237855e-10
3.43795754494663e-10
3.06035792485118e-10
2.77747964615434e-10
3.23107547405044e-10
3.37066563105869e-10
3.72284932053486e-10
3.78431667793862e-10
3.55546236698955e-10
3.94192122362022e-10
3.86476803024624e-10
3.99261453899637e-10
4.26571579466476e-10
4.00371300205982e-10
4.27241116561961e-10
4.45334317657189e-10
4.541645836375e-10
4.9647486709778e-10
4.75606028103381e-10
4.67823572970175e-10
4.63319108627959e-10
5.17416996648453e-10
5.80908698286461e-10
2.50888348153371e-10
2.33848016271552e-10
3.42325271372822e-10
2.83032091277806e-10
2.5892703232223e-10
2.49984285922854e-10
2.50865786033666e-10
2.68810425381326e-10
2.77100708101762e-10
2.76010952614293e-10
2.60132155088315e-10
3.00822206533312e-10
2.18312030748625e-10
1.84606654793109e-10
3.09322540201818e-10
1.89726834132977e-10
1.6540592886411e-10
3.36167634478339e-10
3.97573437815063e-10
4.43336586376202e-10
4.38146181402719e-10
4.08624751872417e-10
4.07791980365165e-10
3.69878707871726e-10
4.07379604050332e-10
4.57673865039158e-10
4.34135792844879e-10
4.93094868236229e-10
4.60523460689589e-10
4.84330538163329e-10
5.58015589587362e-10
5.02724306561391e-10
5.0517721456176e-10
5.56879224698854e-10
5.24447589374671e-10
5.33122968991298e-10
5.70134059345427e-10
6.18234030533655e-10
6.71871525586981e-10
3.22564383162949e-10
3.44746995148826e-10
4.01502975534506e-10
3.23231044369859e-10
3.86958713255391e-10
3.14395315754843e-10
3.03238329084996e-10
3.26860960012528e-10
3.47549082660771e-10
3.47654084631258e-10
3.82063935769452e-10
3.97927946824003e-10
3.80686158906509e-10
3.43521262314847e-10
2.77154526036057e-10
2.21638707106426e-10
4.16756931024414e-10
4.81423738429154e-10
5.34570981305592e-10
4.66796951581134e-10
4.73938402094818e-10
4.44420422216152e-10
4.66512997667509e-10
5.17952612687801e-10
5.09743137104864e-10
5.5726842261113e-10
5.49692364167731e-10
5.60064988899192e-10
6.05317823399181e-10
6.14201426250267e-10
5.78830704091068e-10
5.84460629414376e-10
6.09278185489659e-10
6.41421295349178e-10
7.00197642358599e-10
7.3563632746213e-10
7.63306704885816e-10
4.20010791232683e-10
4.7866943591907e-10
5.30043022852336e-10
4.51857359364631e-10
3.84500850206932e-10
3.77218745749247e-10
4.01162450338678e-10
4.20179941069323e-10
4.44884162017842e-10
4.55512263459988e-10
4.89765086706968e-10
4.52052953459816e-10
4.05867790103078e-10
3.55521069723263e-10
3.10782781685705e-10
5.01432595764746e-10
5.37628253664335e-10
5.97210384974705e-10
5.32276882725626e-10
5.18577053357443e-10
5.63844745568895e-10
6.3833179724953e-10
5.92954726950978e-10
6.43999961538366e-10
5.94608395940584e-10
6.31059753375898e-10
6.71871525586981e-10
6.78440445492185e-10
6.54974128157813e-10
6.6909214205423e-10
6.78211418890974e-10
6.833131482681e-10
8.18980345099594e-10
7.18685814536907e-10
7.53458844967801e-10
7.86240171818698e-10
4.93889102166876e-10
5.52537888869679e-10
5.96581003663124e-10
5.22192743237233e-10
4.86434753447884e-10
5.05306498003906e-10
4.85783201588578e-10
4.70958562547095e-10
5.00527935247797e-10
5.29302267777951e-10
5.62844703425263e-10
5.45485311105779e-10
5.15261103469964e-10
4.91482129210003e-10
4.56960826092178e-10
4.00371300205982e-10
5.82326373430999e-10
6.15482541800809e-10
6.64485694830678e-10
5.93685965040246e-10
6.17347269209491e-10
6.47427237894786e-10
6.95436857946743e-10
6.76412489583299e-10
7.10822888969768e-10
6.55942316376462e-10
6.9223294945365e-10
7.22194554260665e-10
7.66758575283177e-10
7.44687953496231e-10
7.34239983734983e-10
7.29073643995959e-10
8.91857621183778e-10
7.75033741253239e-10
7.41806890652997e-10
7.67115250229171e-10
8.53471035368667e-10
7.75782715168179e-10
8.18980345099594e-10
9.64552971576262e-10
5.91159388843742e-10
6.32384703426332e-10
5.89658542886232e-10
5.56529681332178e-10
5.3880356636282e-10
5.39397986285406e-10
6.03522360283439e-10
5.66035522355841e-10
5.96782976013687e-10
6.12824037189258e-10
5.70740413990194e-10
5.60914292572887e-10
5.35602145110967e-10
4.9041097727278e-10
6.6764860857053e-10
6.7932547524976e-10
7.332831666227e-10
6.68535136500062e-10
7.08626235290321e-10
7.45463151448327e-10
7.35594568630804e-10
7.64986921779656e-10
7.77896934197503e-10
7.05810462409611e-10
7.14934478995499e-10
7.52695305485911e-10
8.02729969230533e-10
8.6377343460352e-10
8.32794284201123e-10
8.32156040818999e-10
7.90963295827275e-10
8.13734090915162e-10
8.47785763663536e-10
1.07666239701589e-09
8.52645599301509e-10
8.79525813426008e-10
9.5480150773403e-10
9.26623355315268e-10
1.13116251060556e-09
6.17694749013173e-10
6.61277799518722e-10
7.59259254324954e-10
8.1803959956407e-10
6.08109642435162e-10
6.74883324105332e-10
6.5690879272469e-10
6.62502034706176e-10
6.23345741457676e-10
6.65044695428941e-10
6.75840228789961e-10
6.70089865976936e-10
6.3481717609978e-10
5.80908698286461e-10
7.99685570561316e-10
7.28629745142704e-10
7.68153314444432e-10
7.50050887502087e-10
7.71904851426166e-10
8.36249543584379e-10
8.66542196902155e-10
8.68151744087816e-10
7.84585586264425e-10
8.24446838350337e-10
8.24345248092546e-10
9.61024431718889e-10
9.31813532805015e-10
9.63643778516242e-10
1.30668807667861e-09
1.07546308295413e-09
9.69086813498719e-10
9.13310770498634e-10
9.38977451323025e-10
1.01353960266226e-09
1.05725855504439e-09
1.24976956765061e-09
1.04743067496334e-09
1.07169831226378e-09
1.24078891637397e-09
1.14886808542296e-09
7.01904326646885e-10
7.59286839584894e-10
8.97868388473824e-10
8.18385127243572e-10
6.91769105338004e-10
7.30090764592952e-10
7.04066570068796e-10
7.17475801171411e-10
7.23706646890135e-10
7.47498745571554e-10
7.60923795783177e-10
8.27238925653285e-10
7.17529611034663e-10
6.71871525586981e-10
8.5144807805243e-10
9.04803961990357e-10
8.43037600958257e-10
8.37961667225788e-10
8.32081242085951e-10
9.70935136007153e-10
1.00414610948616e-09
1.04236314710341e-09
9.50883416417612e-10
9.1448838055162e-10
9.40514815680885e-10
1.05188923684083e-09
1.12646013882987e-09
1.06792185355479e-09
1.12370300509381e-09
1.36494491229264e-09
1.42328070687772e-09
1.54019046286005e-09
1.25695126656404e-09
1.12040963298737e-09
1.10229657439316e-09
1.16741546599643e-09
1.21124007893804e-09
1.36188717228941e-09
1.23175357430426e-09
1.38155266910001e-09
1.32636665864041e-09
1.09100193105748e-09
7.81581782429062e-10
9.16427997665018e-10
7.45593489102219e-10
8.17719480750614e-10
7.6583452010248e-10
7.97787279572678e-10
8.5856651179959e-10
7.82772727265194e-10
8.48753273741892e-10
7.71085459265094e-10
9.01781913525657e-10
7.63306704885816e-10
9.57464161358126e-10
1.05221902888297e-09
9.84157030593015e-10
9.66971327611642e-10
1.10046620653556e-09
1.16403110326112e-09
1.22297803597718e-09
1.27607285068167e-09
1.09198532460305e-09
1.05012890768522e-09
1.233566653183e-09
1.27437697040458e-09
1.25668814675118e-09
1.30511585635061e-09
1.41107095175861e-09
1.77497179538678e-09
1.545186829083e-09
1.71234117045973e-09
1.38751642381587e-09
1.27372789645069e-09
1.35535002174799e-09
1.54019046286005e-09
1.47378248467019e-09
1.48440107938257e-09
1.55399476895406e-09
1.24059303106637e-09
1.07107438094121e-09
9.20702629843158e-10
8.19839962638831e-10
9.14148790236022e-10
8.62944819340965e-10
9.24631219835386e-10
1.01052252434948e-09
9.23364792484273e-10
1.02693875292858e-09
1.021944782584e-09
8.91857621183778e-10
1.18247137707834e-09
1.10526358914591e-09
1.14199812154839e-09
1.24301368308911e-09
1.3596178147978e-09
1.27909099843751e-09
1.31521132968031e-09
1.43293403933111e-09
1.38415253473402e-09
1.46708743529544e-09
1.39612983419658e-09
1.47495279501305e-09
1.39156171159105e-09
1.20164371862497e-09
1.31590617787319e-09
2.01105332259615e-09
2.24845688778888e-09
1.46183626416453e-09
1.44180761059795e-09
1.47070575837037e-09
1.58646731608524e-09
1.95270300963429e-09
1.69649538354123e-09
1.82026864253673e-09
1.51994915923771e-09
1.58359007688923e-09
1.65380011176898e-09
1.64956462079475e-09
1.71758129487499e-09
1.26375595874892e-09
1.15809174415071e-09
1.09395562705361e-09
9.79150148130088e-10
9.90294392453715e-10
1.07538577572446e-09
1.16384847384137e-09
1.13618383670809e-09
1.20485045621823e-09
1.19325095640929e-09
1.07666239701589e-09
1.46695779186947e-09
1.63426249280355e-09
1.42822539382505e-09
1.3505365696628e-09
1.49856486311985e-09
1.56939245530327e-09
1.47188969390472e-09
1.57227160194038e-09
1.61677067983702e-09
1.57108285423065e-09
1.54191566148121e-09
1.64067856302648e-09
1.55009036905568e-09
1.430034010888e-09
1.59504302667869e-09
2.36766142912588e-09
2.12958846136071e-09
2.30801696582998e-09
1.60575103319374e-09
1.68821085414469e-09
1.80821082964271e-09
2.09554136683926e-09
1.87871465730381e-09
2.02262964796893e-09
1.74392085137655e-09
1.72013909168925e-09
1.78554382858562e-09
1.87388434717729e-09
1.85938429220672e-09
1.87159846462541e-09
1.4369519613272e-09
1.30756094306548e-09
1.26201938533226e-09
1.24849740355137e-09
1.21416449548571e-09
1.31053401961175e-09
1.30293631133275e-09
1.36237155610346e-09
1.42328070687772e-09
1.36494491229264e-09
1.30668807667861e-09
1.60901143208403e-09
1.58358285763548e-09
1.77497179538678e-09
1.8158004327419e-09
1.54637366215427e-09
1.7150704416517e-09
1.75547429802598e-09
1.67781094676354e-09
1.79055321733905e-09
1.94664196624755e-09
1.73871332142266e-09
1.74056173465745e-09
1.69188683141134e-09
1.80654724715118e-09
1.78562780358224e-09
1.69659491426192e-09
2.48720495281649e-09
2.42739063736952e-09
2.35136722247744e-09
2.00953240114658e-09
1.81967132835696e-09
1.95660220529149e-09
2.2184058376405e-09
2.06352658062096e-09
1.88681096717424e-09
2.03398240436456e-09
2.02796966358847e-09
2.08661532923659e-09
1.44530240666756e-09
1.40435720793193e-09
1.50583471795492e-09
1.48193318676002e-09
1.71474958067911e-09
1.67226424722964e-09
1.51956495187215e-09
1.57617280686603e-09
1.48169578236021e-09
1.42328070687772e-09
1.8209019787661e-09
1.88233325290017e-09
1.90654760186039e-09
1.94850105804709e-09
1.99161728451289e-09
1.81588600048818e-09
1.95132661592023e-09
1.89896824549561e-09
2.0004366846738e-09
2.1118994432822e-09
1.94488106873872e-09
1.94552915881611e-09
1.93130989003976e-09
1.98407711400816e-09
2.01095123723866e-09
2.63044989835843e-09
2.77472620504866e-09
2.59984807844503e-09
2.41697574908527e-09
2.170223556587e-09
2.09614850622238e-09
1.95961063483245e-09
2.25822794242048e-09
2.16157453227813e-09
2.45494452217493e-09
2.24466257302362e-09
2.25380823497936e-09
1.59352679004026e-09
1.76760112017224e-09
1.65631701236067e-09
1.6444430108004e-09
1.86812768848073e-09
1.68952450376765e-09
1.65741994648519e-09
1.54019046286005e-09
2.05000162853557e-09
2.06847860819928e-09
2.12152281027863e-09
2.22475456669064e-09
2.06791732776803e-09
2.09785306631087e-09
2.13795277990877e-09
2.13842115371573e-09
2.27997172787813e-09
2.12306238740405e-09
2.20132790994601e-09
2.09980588500639e-09
2.1325598755437e-09
2.14599450925719e-09
2.85076530856101e-09
2.93715431167794e-09
3.11525780121616e-09
2.95925695009502e-09
2.79665382151643e-09
2.62891794020511e-09
2.70885189223491e-09
2.33724624508011e-09
2.24536719011457e-09
2.23384178521677e-09
2.39859329710451e-09
2.5797259912684e-09
2.78613388192004e-09
2.4084646257595e-09
2.42084690966298e-09
2.51965452675433e-09
1.77220815023041e-09
1.92179649654208e-09
1.86308729858096e-09
1.77789816001291e-09
2.07345419729579e-09
2.19733374252134e-09
1.84673699160779e-09
2.01105332259615e-09
1.77497179538678e-09
3.29963387252552e-09
2.21557265850538e-09
2.23118545697691e-09
2.3634849917168e-09
2.37284457476258e-09
2.30422045266858e-09
2.24848801818858e-09
2.24129064224757e-09
2.2970814616593e-09
2.39091820718214e-09
2.4579910990245e-09
2.48420951279453e-09
2.43542023440691e-09
2.26111723918319e-09
2.37462651246198e-09
2.25531566433253e-09
2.3318178590965e-09
2.30028686064739e-09
3.15567589772181e-09
3.04235959376486e-09
2.89321467638634e-09
2.96673224496517e-09
2.40046572577625e-09
2.50690963653434e-09
2.48588926706239e-09
2.63856425164428e-09
2.97991844542431e-09
2.75933760941125e-09
2.71282821436495e-09
1.97198571158734e-09
2.11098113591883e-09
2.012209296226e-09
2.05783494760533e-09
2.29812053653994e-09
2.30903425928641e-09
2.4849827042255e-09
2.20597711723246e-09
2.13074941122143e-09
2.01105332259615e-09
3.41474825388611e-09
3.53004145589649e-09
3.99301928781608e-09
2.44069004057737e-09
2.40354678586003e-09
2.5909446472705e-09
2.62231687741411e-09
2.43360870303507e-09
2.38987173376939e-09
2.50336909759064e-09
2.72317743640285e-09
2.78246700829967e-09
2.68815738453962e-09
2.58388500230646e-09
2.63577279239558e-09
2.48964014111763e-09
2.55306926266594e-09
2.44486644960184e-09
2.49503803328543e-09
3.36758392718464e-09
3.39644447906817e-09
3.24262710396772e-09
3.17023422900442e-09
2.60984792362844e-09
2.71554862485699e-09
2.69609883958837e-09
2.87200520492315e-09
2.94000498999852e-09
3.22553403895715e-09
2.86667393223747e-09
2.90638721801947e-09
2.21764103437547e-09
2.19104345809709e-09
2.4192839537876e-09
2.71260637723599e-09
2.4947721848651e-09
2.6782188658453e-09
2.36766142912588e-09
2.36766142912588e-09
2.24845688778888e-09
3.76116767218942e-09
4.10921926403692e-09
4.23194425640298e-09
4.49119219343361e-09
2.68314470775605e-09
2.78549570808248e-09
3.20400134774758e-09
2.87177858015017e-09
2.63621236543731e-09
2.79288784309162e-09
2.99439227806919e-09
2.94019455198823e-09
2.78479982193641e-09
2.82891492136688e-09
2.79839205171312e-09
2.86636643942577e-09
2.70841405329009e-09
2.64958719194576e-09
2.65347221543341e-09
3.82356188806551e-09
3.52096307417181e-09
3.75472299999939e-09
3.45367130307113e-09
3.51751769475732e-09
2.95736438454812e-09
3.06168960499536e-09
3.29183692480602e-09
3.08024256628214e-09
3.43936717889208e-09
3.18755940676194e-09
3.15261513395259e-09
2.34364433817864e-09
2.5816113069526e-09
2.91113633586415e-09
2.88030415545023e-09
2.73993238303373e-09
2.52890373835119e-09
2.59671490543487e-09
2.63044989835843e-09
2.48720495281649e-09
4.12243390937486e-09
4.36146506088823e-09
5.0321448313542e-09
4.75126940744011e-09
3.00288070975198e-09
3.01454753178784e-09
3.59981392960939e-09
3.62472628986779e-09
3.26290160346214e-09
2.88330328308703e-09
2.99498220397044e-09
3.24029167252912e-09
3.16156601678265e-09
3.22590523438952e-09
3.01138597447055e-09
3.02969550771872e-09
3.15266459439755e-09
2.93342101520102e-09
2.9698045675088e-09
2.89447114206476e-09
3.18293247924693e-09
3.17277449674359e-09
4.40909496312247e-09
4.0519506410447e-09
3.78355953817414e-09
3.74341320522976e-09
3.78798557194155e-09
3.33153393844552e-09
3.73065721078858e-09
3.59259829430149e-09
3.44203837595037e-09
2.62455115175306e-09
2.83147215988716e-09
3.12697862182527e-09
3.26163289938846e-09
3.12504400443161e-09
3.06290160675887e-09
2.78069816360772e-09
2.8628273660675e-09
2.77472620504866e-09
4.49646511656067e-09
5.32008074954818e-09
5.15437473158917e-09
4.87065583500914e-09
3.24390222571218e-09
3.25334499998511e-09
3.79571656453358e-09
3.95057403281592e-09
3.8784565676415e-09
3.5584374348764e-09
3.09125863269528e-09
3.53250462389813e-09
3.46538541912504e-09
3.24338708454664e-09
3.28483513664685e-09
3.31998179956249e-09
3.40851076744741e-09
3.258439675173e-09
3.47442323895007e-09
3.52988215852218e-09
4.70415822794012e-09
4.45101100443167e-09
4.21481462592549e-09
4.03672811553126e-09
4.01913994267537e-09
3.81615352152276e-09
3.97222917469354e-09
3.81317824855474e-09
4.10713537195222e-09
2.9129078726474e-09
3.05943295831213e-09
3.30121049883569e-09
3.44212748052573e-09
3.54361497314197e-09
3.38994651967559e-09
3.10554962426029e-09
3.18051482218753e-09
2.94590616289971e-09
4.96463951580527e-09
5.61601649812329e-09
5.46440028423351e-09
5.32008074954818e-09
5.55244661017938e-09
5.8662354714852e-09
3.51772864432806e-09
3.69180451380991e-09
3.8852358008175e-09
4.13010248051751e-09
4.17128593711797e-09
4.36943808569032e-09
3.92799128581055e-09
3.8281935771106e-09
3.48870249464283e-09
3.69482699787584e-09
3.73877955374145e-09
4.23251067804922e-09
3.66875345403781e-09
3.61239378038778e-09
3.73618083494569e-09
3.77412736237466e-09
3.80983856073184e-09
3.8306976512149e-09
4.73883989396798e-09
5.0225136792442e-09
4.46398191174835e-09
4.40377315390095e-09
4.30090902177692e-09
4.30132796078137e-09
4.50131884621123e-09
3.26912397083684e-09
3.60393034580457e-09
3.7251765653115e-09
3.92333776886827e-09
3.72344081554486e-09
3.38491187499495e-09
3.50020875009409e-09
3.13281659590196e-09
5.62893923445717e-09
6.26921591519067e-09
5.9106358054839e-09
6.36044044007158e-09
3.99487909581599e-09
4.04139051131033e-09
4.21745432032356e-09
4.29257356771383e-09
4.53242486568375e-09
4.69227657435865e-09
4.60327902086613e-09
4.11692974301632e-09
3.9406106163701e-09
4.0705909898206e-09
4.6937226033483e-09
4.50047956628957e-09
3.98932076901072e-09
4.04367835670457e-09
4.19346379039487e-09
4.08988001733818e-09
4.25403431726876e-09
4.82172759473068e-09
5.21962413255808e-09
5.37584615632856e-09
4.79745923940165e-09
4.6962790427345e-09
4.83391870804459e-09
4.87335235207981e-09
3.81473414317914e-09
3.90670569925641e-09
4.11199110053557e-09
4.47753195216101e-09
4.09584756677525e-09
3.91734661243772e-09
3.81814810772295e-09
3.5754800344514e-09
5.80845781590436e-09
6.10252449776656e-09
7.08223520491445e-09
6.89170900531982e-09
6.35702757977149e-09
4.36229944481767e-09
4.50177509390324e-09
4.47988954027004e-09
4.61920466215131e-09
4.80214455610801e-09
5.03217388220831e-09
4.91022656955268e-09
5.01386116530185e-09
5.15920395563583e-09
4.50874557616145e-09
4.48056800375119e-09
4.49119219343361e-09
5.08505541904523e-09
4.31898301579879e-09
4.40096565099006e-09
4.74223900523531e-09
4.46377160063398e-09
4.79679787275689e-09
4.66695661450132e-09
5.25935783595982e-09
5.7324268282308e-09
5.09348891514933e-09
5.49381211432797e-09
5.49844004434489e-09
5.23669333002411e-09
5.32845212773435e-09
5.51804096807496e-09
4.84366038210868e-09
4.12169975314519e-09
4.28536846747441e-09
4.65517174582039e-09
4.1853334596123e-09
4.06161658367087e-09
6.13113172973597e-09
6.37529321501798e-09
6.3883026395934e-09
6.65500547064976e-09
7.70251130019961e-09
7.26327120351851e-09
7.06350124787033e-09
4.70036970026331e-09
4.95690862768455e-09
5.36663537762379e-09
5.07737907661153e-09
5.18076568279498e-09
5.46061896952773e-09
5.47545613583089e-09
5.45554269798903e-09
4.85483051680727e-09
4.87021115292769e-09
5.32325501618393e-09
4.76896855986768e-09
5.07870372885779e-09
5.16916287298058e-09
5.11699302021775e-09
4.966241007749e-09
5.03421707369233e-09
5.83747266172919e-09
5.73478484448454e-09
5.83787389042026e-09
6.316226474447e-09
5.84491603760214e-09
5.95169552137851e-09
5.26699115486602e-09
4.48594148405032e-09
4.46824495982827e-09
4.69093252425486e-09
5.35555509773837e-09
5.12373496646385e-09
4.6508218283962e-09
4.32115565517793e-09
6.65365954709849e-09
6.85199217414796e-09
7.33281772802638e-09
8.32585357163399e-09
8.0034082510533e-09
7.6747463828798e-09
5.73891125010102e-09
5.27157506582079e-09
5.74293501217151e-09
5.55737741474751e-09
5.70047013828834e-09
5.96668846750308e-09
6.19467887786303e-09
5.92704774332345e-09
5.71046071645934e-09
5.33448846652087e-09
5.74852662084451e-09
5.27300502854378e-09
5.43811357856397e-09
5.5160196343259e-09
5.45444351849809e-09
5.44305628140463e-09
6.25341775396189e-09
6.18559916219401e-09
6.80307161975152e-09
6.64631218899179e-09
6.45409196116376e-09
6.43253602253287e-09
5.8632668185324e-09
5.70550749627218e-09
4.90965934714372e-09
5.07949489570637e-09
5.4486056196325e-09
4.99099113523882e-09
4.5934815801556e-09
7.16633098576767e-09
7.49787615352145e-09
7.43057459283684e-09
7.94534931043986e-09
8.47771141474861e-09
8.96655062655244e-09
8.40738707263673e-09
6.1522430241123e-09
6.27895485649437e-09
5.87658394485965e-09
6.27357177688926e-09
6.27907225487006e-09
6.14192121649636e-09
6.76927890651464e-09
6.64757640508289e-09
6.31948488685659e-09
6.55889056877749e-09
6.12762775990415e-09
6.16554608542684e-09
5.80718364098612e-09
5.73522072450525e-09
5.8767728601376e-09
5.92145894994345e-09
6.66998235040366e-09
6.85868618497867e-09
7.56066240698898e-09
7.18261692617115e-09
7.30186821722112e-09
6.98400604791511e-09
6.22161932086609e-09
6.72010732755448e-09
6.03204771164397e-09
5.24326287490172e-09
5.43005841547222e-09
5.32490100197943e-09
5.17372353658746e-09
7.8919475546525e-09
8.18864417854444e-09
8.38192916909633e-09
8.56372831888721e-09
8.70715087604875e-09
8.93637298136205e-09
9.63551503116961e-09
9.26131974896936e-09
1.03078873695235e-08
9.13224397786254e-09
6.95205500495237e-09
6.56508029403848e-09
6.67068974644297e-09
7.24963165512673e-09
7.22729539576964e-09
7.2099220500676e-09
7.48049336451633e-09
7.0600601399753e-09
7.58997141115761e-09
6.89066802662046e-09
6.66947067738416e-09
7.34958815935322e-09
6.712366988717e-09
6.46243669080131e-09
6.72141285594652e-09
6.26755739960819e-09
6.45959549025863e-09
6.75250383381993e-09
7.43291700220702e-09
7.70612374091758e-09
7.57545407542284e-09
7.51529495937648e-09
7.88612404723064e-09
8.08204597620595e-09
8.73214353834652e-09
7.81400991885777e-09
7.89920279819102e-09
6.72379415521252e-09
7.29958585261797e-09
6.15965116383054e-09
6.6209144781317e-09
5.78072786634515e-09
5.56108866215234e-09
5.47633694843459e-09
8.62294381036512e-09
8.82933479863087e-09
9.03128168101612e-09
9.26411195471729e-09
9.97127195135091e-09
9.80352504958066e-09
1.06453679048475e-08
1.09837202619806e-08
9.8184427037667e-09
7.76887932143731e-09
7.48314266568928e-09
7.7195723730366e-09
7.79293600768209e-09
7.75607304131332e-09
8.06554603605249e-09
8.23029348675409e-09
8.10977648312705e-09
7.54932814442164e-09
7.27188373054393e-09
7.89174468756315e-09
7.08303637923738e-09
7.08436127240208e-09
6.79360204981592e-09
7.28692711208831e-09
7.71715471751685e-09
7.66289141413048e-09
8.09770250436842e-09
8.19017014914707e-09
8.26133591373852e-09
8.64868294454064e-09
9.3463574045342e-09
9.20852679801476e-09
8.35012561621257e-09
8.68601037370804e-09
8.72076756849345e-09
8.50162274455505e-09
8.17175535178005e-09
7.66319840922559e-09
7.08723147329364e-09
6.42915161036927e-09
6.95196260522027e-09
6.14517551235012e-09
5.80259891590695e-09
9.37968730012575e-09
9.9229137673349e-09
1.03207328349391e-08
9.88536863093908e-09
9.90215390151392e-09
1.06478919340889e-08
1.13334783692197e-08
1.17185051189722e-08
1.24817657258346e-08
1.09591359494973e-08
1.09330509096667e-08
8.27503148611227e-09
8.16653325007476e-09
8.30892273535344e-09
8.56044514560826e-09
8.75937841427723e-09
8.77191732655242e-09
8.74760635563823e-09
8.38691689257983e-09
8.16447695772695e-09
8.0257524456088e-09
7.72908163286518e-09
8.31840252822955e-09
8.53161961170995e-09
8.73806260205636e-09
8.77941601309438e-09
8.92753852350516e-09
9.45041682042723e-09
9.0582075792752e-09
9.96705467050688e-09
9.79466369878062e-09
9.20518224062771e-09
9.6201667184149e-09
9.16734012111825e-09
8.77317529797105e-09
8.44912756591825e-09
7.6633125391681e-09
6.78448025339802e-09
7.4133735496681e-09
6.53207009275672e-09
1.02155112656818e-08
1.06094693276115e-08
1.05952115132729e-08
1.04488456916721e-08
1.3249079846822e-08
1.18808228342583e-08
1.28649120580267e-08
1.190831582431e-08
1.15561411735206e-08
1.13294873417309e-08
8.85411847309432e-09
8.7021985964778e-09
8.95202353947975e-09
9.37459465282879e-09
9.45927425815201e-09
9.54369837637329e-09
9.44712165886374e-09
9.3574786563386e-09
8.80768783265655e-09
8.58397880507026e-09
9.05888299350771e-09
9.14614105286496e-09
9.33021840846112e-09
9.72168524021052e-09
9.63901649774826e-09
1.01259935636636e-08
1.0156234525373e-08
1.08823767138884e-08
1.04117181729125e-08
9.94937436924997e-09
1.00080951459338e-08
1.04127738559241e-08
1.01388492692878e-08
9.7761789589062e-09
9.40886941673481e-09
9.02044123776966e-09
8.51858654829967e-09
8.05838837225221e-09
7.41849369957426e-09
1.09638739804552e-08
1.132902742122e-08
1.16014077111704e-08
1.14238041664074e-08
1.15319415420685e-08
1.3544699733571e-08
1.40279807157797e-08
1.30633294623175e-08
1.23075861698037e-08
1.20183021315633e-08
1.19647722377524e-08
9.61905434848106e-09
9.39768545538585e-09
1.01421713201328e-08
1.00022222832382e-08
1.01182193733373e-08
1.02034161078089e-08
9.92077599800572e-09
1.03589907322509e-08
9.78022247789281e-09
9.64008650523952e-09
9.68940300650165e-09
9.80387455578507e-09
1.02717383717707e-08
1.0416255804101e-08
1.06419745013222e-08
1.09487198384199e-08
1.0777977823545e-08
1.10790269789274e-08
1.11963171820679e-08
1.13548248767576e-08
1.07080205399151e-08
1.07681433962356e-08
1.04211487910177e-08
1.00292377728072e-08
9.69864484341947e-09
9.28100252511332e-09
8.70479808201476e-09
8.3190549463834e-09
1.20936649662097e-08
1.48849979140985e-08
1.20004181163409e-08
1.23535026142429e-08
1.24398230089046e-08
1.26294604163594e-08
1.417383437088e-08
1.32022703960953e-08
1.38601237804298e-08
1.30644330130335e-08
1.02840675117992e-08
1.08332980499065e-08
1.06783480807831e-08
1.09239078409517e-08
1.06985922862895e-08
1.11237143318403e-08
1.03303200699138e-08
1.03136690538591e-08
1.04425844210632e-08
1.09232814331359e-08
1.10492575086873e-08
1.10372630148488e-08
1.14993348881693e-08
1.15326369225719e-08
1.17823974370372e-08
1.16198693138098e-08
1.25785103894016e-08
1.15098705832094e-08
1.19058648209846e-08
1.20189118096142e-08
1.13736023187893e-08
1.13633851591036e-08
1.12211424427855e-08
1.06796204255458e-08
1.02687364765536e-08
9.89065530637378e-09
9.25748241515933e-09
1.58064074001261e-08
1.29619992222393e-08
1.3359429361503e-08
1.53358827232279e-08
1.3069641375606e-08
1.33078396124014e-08
1.33907687450363e-08
1.47944484753603e-08
1.37518839672303e-08
1.44241134394361e-08
1.39464944957289e-08
1.11368497525197e-08
1.16044182959702e-08
1.1465233906406e-08
1.13649297127664e-08
1.18077163437984e-08
1.18637685421273e-08
1.14202965932005e-08
1.21024081566139e-08
1.15531625317113e-08
1.15575095102413e-08
1.20101259467783e-08
1.23271061039577e-08
1.3432660743242e-08
1.26543706269317e-08
1.33328046040017e-08
1.24988429271318e-08
1.25423263251408e-08
1.23260031281259e-08
1.1947189789492e-08
1.18327222188296e-08
1.12818057634782e-08
1.09608964193059e-08
1.05577129093975e-08
1.02283144911849e-08
1.61597204823478e-08
1.67557009194181e-08
1.40137338814627e-08
1.38462230308526e-08
1.41018384318794e-08
1.62778753815174e-08
1.41696843846834e-08
1.45165761079581e-08
1.54805893108653e-08
1.45540303464311e-08
1.46969020154119e-08
1.19071505441583e-08
1.23606368096709e-08
1.22302054868648e-08
1.21609275799556e-08
1.24036779221819e-08
1.25843182251226e-08
1.30733757108278e-08
1.31606940081913e-08
1.28981437260894e-08
1.25167602544601e-08
1.24413853782266e-08
1.27248574638808e-08
1.28506966587604e-08
1.33059437811102e-08
1.33002065395819e-08
1.41502082669312e-08
1.39313229892796e-08
1.33666986041557e-08
1.32370462131201e-08
1.36965184815009e-08
1.25079342261085e-08
1.28513701029012e-08
1.36284004411216e-08
1.22395708317211e-08
1.17039818397197e-08
1.14292607112814e-08
1.12151615945938e-08
1.6874458402185e-08
1.77103187003666e-08
1.71119251649572e-08
1.46820571571925e-08
1.49438813109956e-08
1.52336585402964e-08
1.65254307445475e-08
1.52120237537074e-08
1.52888900360972e-08
1.58247762143413e-08
1.59711289735844e-08
1.30783514973635e-08
1.28710714358906e-08
1.27674212214489e-08
1.33504527610104e-08
1.30820005053592e-08
1.37632668983346e-08
1.37978632636408e-08
1.42971875121438e-08
1.32736680136988e-08
1.33434182735935e-08
1.3701843379294e-08
1.39784399234504e-08
1.39483609216591e-08
1.44787215499215e-08
1.41462469481277e-08
1.49383150762559e-08
1.47184107081408e-08
1.41986012280888e-08
1.43755288166185e-08
1.41531613561054e-08
1.60305454099331e-08
1.61761426721721e-08
1.44034395135147e-08
1.31235004392392e-08
1.36858927400823e-08
1.28203707659982e-08
1.22661630594383e-08
1.2309466940843e-08
1.87096621136962e-08
1.77450582726654e-08
1.83503752795166e-08
1.7554871608742e-08
1.79809642925961e-08
1.5599554233413e-08
1.60723874610177e-08
1.60232717537917e-08
1.60605863964951e-08
1.73181677197917e-08
1.6161958880056e-08
1.67820240126866e-08
1.8056575639068e-08
1.4540407890523e-08
1.39940516698735e-08
1.38275224618361e-08
1.42360434915026e-08
1.46625246771999e-08
1.50783826580146e-08
1.52384042288224e-08
1.41690167258897e-08
1.4781174517769e-08
1.48670905616834e-08
1.54166675982831e-08
1.49605842777921e-08
1.49988438220601e-08
1.5445875761616e-08
1.51278486652891e-08
1.48575629710609e-08
1.49858442876883e-08
1.63683767956199e-08
1.71055775048259e-08
1.71811058057172e-08
1.51807955527225e-08
1.46127168385357e-08
1.34889182150186e-08
1.31790942022438e-08
1.286331605915e-08
1.97499372176415e-08
1.93529262717408e-08
1.87603006620804e-08
1.8735214888787e-08
1.88928354548646e-08
1.6570240293921e-08
1.70460967457883e-08
1.72769371516957e-08
1.71704328956467e-08
1.80939117388628e-08
1.72444267687621e-08
1.89352247959357e-08
1.59849606044848e-08
1.53280500305616e-08
1.49992988852837e-08
1.49071082869715e-08
1.56937433826669e-08
1.61862777385766e-08
1.56308587025318e-08
1.59222993936022e-08
1.60546862157752e-08
1.59798971345362e-08
1.60817654242222e-08
1.58006345649894e-08
1.64005697204895e-08
1.59760872959335e-08
1.66236339181364e-08
1.7271024335392e-08
1.79836563787594e-08
1.80941983748333e-08
1.83190504757658e-08
1.6153110434401e-08
1.57230665174284e-08
1.53172175146693e-08
1.45460197269814e-08
1.40735370250551e-08
1.34193020888701e-08
2.08310374801891e-08
2.07356466706752e-08
2.00159880451417e-08
1.96247755550223e-08
1.98158185710097e-08
2.05778519593151e-08
1.77544375267514e-08
1.88274590869393e-08
1.79014645626008e-08
1.87704831026973e-08
1.83368384881745e-08
1.96759714308568e-08
1.68796136694494e-08
1.66723797646871e-08
1.59321973217427e-08
1.59995708343596e-08
1.68098594109695e-08
1.69550965599234e-08
1.69388947401725e-08
1.68772753421046e-08
1.80057282856803e-08
1.71867150810157e-08
1.68422553267001e-08
1.68103964375757e-08
1.74557722597089e-08
1.66796773161003e-08
1.73208430753367e-08
1.7406677696652e-08
1.76062525494389e-08
1.84040439579485e-08
1.89162271582246e-08
1.93531623919603e-08
1.94561794530635e-08
1.94873500770746e-08
1.77863436672363e-08
1.73923535180391e-08
1.66525671792845e-08
1.63783838695473e-08
1.55570745073229e-08
1.49662406159797e-08
1.45931698160452e-08
2.19352997469132e-08
2.22049047930156e-08
2.1614672876332e-08
2.05751095782866e-08
2.09954584476595e-08
2.15512316901106e-08
1.97992727404705e-08
1.93003531304576e-08
1.95991403981801e-08
2.0427643363771e-08
2.08098749042478e-08
1.76744347411723e-08
1.74431787702182e-08
1.77246449291417e-08
1.78198150324012e-08
1.82242650309281e-08
1.88428973063706e-08
1.82092886599127e-08
1.80272603557021e-08
1.7650473194071e-08
1.8335132966225e-08
1.77503181849037e-08
1.8364417439159e-08
1.83339865605603e-08
1.93191441500874e-08
1.99450598347215e-08
2.04228745341565e-08
2.07601193237072e-08
2.02820612897664e-08
2.08281054348029e-08
1.85848304247293e-08
1.83667294834425e-08
1.8153973326514e-08
1.71546437553952e-08
1.79326055908165e-08
1.65362106687369e-08
1.59142850136376e-08
2.304612345999e-08
2.30972921727706e-08
2.24678742429793e-08
2.19951680720725e-08
2.1900911426094e-08
2.26393938042439e-08
2.1136182290899e-08
2.08905626901947e-08
2.16972517877669e-08
2.24998191646673e-08
1.86339915145126e-08
1.88908778782022e-08
1.86204730820449e-08
1.91188321320124e-08
1.97125227240813e-08
1.90480284778515e-08
1.89667561639387e-08
1.91530666264096e-08
1.92137457891195e-08
1.89135733947281e-08
1.93392844077992e-08
2.02944555858381e-08
2.14571990373627e-08
2.13025767492609e-08
2.10338840263073e-08
2.18880589899333e-08
2.12692107545092e-08
2.28177203985695e-08
2.15374470047274e-08
2.1865040141996e-08
1.95578799075046e-08
1.91227676633899e-08
1.90795821872948e-08
1.88150813003408e-08
1.77878215715671e-08
1.71604142019214e-08
2.42124465657981e-08
2.44751113617783e-08
2.34032543149127e-08
2.55006524455381e-08
2.39083522495717e-08
2.34937330232121e-08
2.36761703631523e-08
2.34449072780574e-08
2.21591500502607e-08
2.29571611764624e-08
2.41583240530568e-08
2.00054894511424e-08
1.97098872528263e-08
1.96201770409904e-08
2.00519176268151e-08
2.06174564947461e-08
1.98697408404801e-08
2.04992800951357e-08
2.02387815117161e-08
2.01122005621707e-08
2.01161708726585e-08
2.06170718773133e-08
2.18054003629555e-08
2.11248176070748e-08
2.22388119542296e-08
2.19451530600508e-08
2.18023937957271e-08
2.30638484700774e-08
2.22432811286158e-08
2.37675275938447e-08
2.27329158661426e-08
2.28150661726034e-08
2.00690694211444e-08
2.07135248720598e-08
1.99548876116246e-08
1.97550994327039e-08
2.06586436574754e-08
1.97171416082174e-08
1.88059290154669e-08
1.84439976407323e-08
2.55423337789998e-08
2.53319211080223e-08
2.68494300721505e-08
2.56034990933956e-08
2.47364954683906e-08
2.50407385835053e-08
2.52930307074346e-08
2.41346930094005e-08
2.34350399672313e-08
2.52258999391573e-08
2.10718901642773e-08
2.11579840706844e-08
2.13112824875887e-08
2.06434053766322e-08
2.15696258709792e-08
2.14093970493534e-08
2.09408968966603e-08
2.18144635674945e-08
2.13467100651298e-08
2.30514867560401e-08
2.16356960086486e-08
2.2733457720744e-08
2.22461349470802e-08
2.31378974297116e-08
2.35030280876308e-08
2.41094890831486e-08
2.38019103202146e-08
2.47525118528183e-08
2.42572951373491e-08
2.47260952770498e-08
2.1283647455276e-08
2.22363155520409e-08
2.16159418686461e-08
2.16387227826669e-08
2.10472647592645e-08
2.05026037124198e-08
1.9798444212749e-08
2.73231928539157e-08
2.64587177004606e-08
2.82462896242657e-08
2.70759694856267e-08
2.6130796099606e-08
2.6549425811175e-08
2.63217041992553e-08
2.49248051252592e-08
2.63173307477708e-08
2.22353558073656e-08
2.22391473889466e-08
2.24588048927751e-08
2.18212839842629e-08
2.35269413257556e-08
2.24061762592582e-08
2.24632818978598e-08
2.30057449001204e-08
2.26520702576411e-08
2.37929992199887e-08
2.3974831472571e-08
2.32646681150578e-08
2.35144511260334e-08
2.43720454941927e-08
2.45421760672538e-08
2.52552672144303e-08
2.54217110709329e-08
2.56885431399854e-08
2.56719001780858e-08
2.58349484741275e-08
2.32048011399732e-08
2.26375827793399e-08
2.24971960032232e-08
2.2267787449264e-08
2.17381208766139e-08
2.26162277874779e-08
2.12242926460941e-08
2.93051156036755e-08
2.80816954685635e-08
2.84957535870978e-08
2.96561123387364e-08
2.80651860699695e-08
2.81807191212583e-08
2.74042270472819e-08
2.76843832240327e-08
2.69338986239317e-08
2.31231183568293e-08
2.32506717158114e-08
2.36335680902563e-08
2.40677244350495e-08
2.43117105406337e-08
2.42654368625649e-08
2.3879424773705e-08
2.36971817280616e-08
2.40092947434117e-08
2.47414060022188e-08
2.47668689392934e-08
2.53155384821498e-08
2.48886877358902e-08
2.58568311464717e-08
2.54954396568718e-08
2.63633184734896e-08
2.65768910237166e-08
2.68651482426639e-08
2.75118864431965e-08
2.75552217081947e-08
2.40451614842712e-08
2.35630634615113e-08
2.33073033094493e-08
2.38234527839585e-08
2.34178196232483e-08
2.26760614491633e-08
3.04246147963771e-08
2.95952846207119e-08
2.98997788908153e-08
3.11162131522144e-08
3.04296531978433e-08
2.94422942351613e-08
2.91475255753636e-08
2.89953090046368e-08
2.88748791140995e-08
2.47233066636436e-08
2.59744635497479e-08
2.52532407860541e-08
2.54291057324417e-08
2.51141232983195e-08
2.55179371220806e-08
2.55496971947445e-08
2.50085544756354e-08
2.56572198378808e-08
2.60713286586173e-08
2.74371242406524e-08
2.68277425664566e-08
2.65093410667359e-08
2.65991903686473e-08
2.77125591902448e-08
2.685800262839e-08
2.72938229641105e-08
2.94611815523387e-08
2.78206868720076e-08
2.82006490726163e-08
2.87193698883451e-08
2.48579464284632e-08
2.44484704532522e-08
2.478003517869e-08
2.44267213905709e-08
2.41861816813736e-08
3.13842212629442e-08
3.17008312862336e-08
3.15965174228403e-08
3.26495841839384e-08
3.23304298273495e-08
3.0714987966064e-08
3.08503837731129e-08
3.01031653135382e-08
3.03120194254101e-08
2.63866596594689e-08
2.75051364289532e-08
2.66364295750415e-08
2.60738188585082e-08
2.6626570976689e-08
2.61998099511511e-08
2.67481943893465e-08
2.67875091191923e-08
2.6887854352647e-08
2.80595447799709e-08
2.76334671066325e-08
2.85455158116709e-08
2.87859838933552e-08
2.79473903047911e-08
2.90925190334993e-08
2.82561530918376e-08
2.89555707775732e-08
2.93921925870633e-08
3.06848196409534e-08
2.9330691044074e-08
2.99278065762508e-08
2.57568422598423e-08
2.67171508054858e-08
2.73071367205584e-08
2.56372538768634e-08
2.58925841141732e-08
2.633137665902e-08
2.5889539963324e-08
3.36910994912322e-08
3.43332039186297e-08
3.29375122319467e-08
3.32392497592156e-08
3.35309780255768e-08
3.43476511984907e-08
3.31208873307175e-08
3.22215290964082e-08
3.14943024057443e-08
3.14559105839747e-08
3.21923626585713e-08
2.83461502949163e-08
2.78399069384524e-08
2.96839476985951e-08
2.78976422593244e-08
2.79646354263836e-08
2.87077921727466e-08
2.83517618566599e-08
2.9144167655019e-08
2.90197470765457e-08
2.97987558183142e-08
3.051544689307e-08
2.98867453259845e-08
2.96501848381244e-08
3.02030917346764e-08
3.03302681469626e-08
3.07545476757515e-08
3.13192991929145e-08
3.12774015043178e-08
2.71396722324297e-08
2.81692245399535e-08
2.6822006120258e-08
2.80067902555649e-08
2.72255149833202e-08
2.67741103739982e-08
3.45977626150436e-08
3.49529683354722e-08
3.6084704151529e-08
3.43418652666492e-08
3.43343391391958e-08
3.57944121054368e-08
3.34436315206927e-08
3.35532861531796e-08
3.36079366136527e-08
3.28490235110905e-08
3.10697947862079e-08
2.89226250017749e-08
2.87991830477876e-08
3.05197440163334e-08
2.90114584672724e-08
2.96833020821472e-08
2.95019807685252e-08
2.98539133905633e-08
3.18991477906582e-08
3.00382068252946e-08
3.04074614020077e-08
3.17735741634347e-08
3.19974882472086e-08
3.18075503752446e-08
3.09037033385709e-08
3.08819678774141e-08
3.17276238249371e-08
3.12005810980614e-08
3.18498120412282e-08
3.14430610009924e-08
3.21564067365287e-08
3.21720925651077e-08
3.28112059953764e-08
2.90110255340379e-08
3.07872968309124e-08
2.92736371372053e-08
2.83757642156535e-08
2.76843993876987e-08
3.55621591651902e-08
3.62290238443066e-08
3.58275570689943e-08
3.66668805296889e-08
3.69709016042578e-08
3.78601021239885e-08
3.54599726904537e-08
3.74440196363344e-08
3.9663931718357e-08
3.52922329977921e-08
3.52107857782227e-08
3.42998332525824e-08
3.42347345621334e-08
3.27011147927697e-08
3.04908951206893e-08
3.200249325787e-08
3.05314444215895e-08
3.08506654515039e-08
3.16608224195047e-08
3.12461237470733e-08
3.40560144582095e-08
3.18845543843258e-08
3.3168537822319e-08
3.35821647867233e-08
3.43202901778419e-08
3.2307194493955e-08
3.35760525441392e-08
3.3114786416195e-08
3.36082736041179e-08
3.30485170663608e-08
3.34218309228248e-08
3.41089263530083e-08
3.49731239733497e-08
3.47577326699649e-08
3.60122007945073e-08
3.29205540106989e-08
3.20629940674897e-08
3.07362059153045e-08
3.04796869655922e-08
2.95294268788724e-08
3.75351601177509e-08
3.72811110237137e-08
3.7880113082239e-08
3.75525848918245e-08
3.92169723269623e-08
3.89090281521571e-08
3.84573323746961e-08
4.03748482864499e-08
4.15378278947962e-08
3.67814946147364e-08
3.67182102742507e-08
3.72050204160661e-08
3.47220433973764e-08
3.63145360925445e-08
3.61342114108533e-08
3.37524231811521e-08
3.25422549912889e-08
3.17204686884639e-08
3.29734916380827e-08
3.55795723250315e-08
3.42127517534386e-08
3.50849101186283e-08
3.58651031706592e-08
3.51099142554758e-08
3.37703376261967e-08
3.47641034095409e-08
3.53412330848999e-08
3.65070343358706e-08
3.56308944368101e-08
3.63499925489073e-08
3.67942309640491e-08
3.81149750977442e-08
3.4509369892521e-08
3.37362390229687e-08
3.25069466540923e-08
3.14410257335594e-08
3.83514426283302e-08
3.95354557360011e-08
3.90726415536939e-08
3.98694181447276e-08
4.02224922271966e-08
4.08009870105678e-08
4.06517604859842e-08
4.2036874457377e-08
4.35555321911196e-08
3.87008039333336e-08
3.83650977696398e-08
3.89563325215764e-08
3.73442376041645e-08
3.71756941492178e-08
3.77168399332416e-08
3.77622286833781e-08
3.76226390899897e-08
3.70623059812027e-08
3.52411382185421e-08
3.38687127370312e-08
3.47279632220881e-08
3.72030212322366e-08
3.65022216617785e-08
3.5936715775186e-08
3.59629471447912e-08
3.65184383630182e-08
3.63623687891862e-08
3.86695808810359e-08
3.6534944653197e-08
3.75070624675423e-08
3.74317000182594e-08
3.78661493753829e-08
3.76709141527298e-08
3.88184579132121e-08
4.05673406724045e-08
4.0085465364342e-08
3.51224232687842e-08
3.66690879159088e-08
3.47684979845549e-08
3.35326870214941e-08
4.06543241329091e-08
4.05141378333038e-08
4.17517047696585e-08
4.56922412894289e-08
4.20402776109807e-08
4.20990508197992e-08
4.27907555565181e-08
4.31381404503288e-08
4.44146659174144e-08
4.67961983012175e-08
4.12980998541902e-08
4.1430603757563e-08
4.26549477466896e-08
3.87505185935248e-08
3.88642768209423e-08
3.9489458912662e-08
3.86466910095151e-08
3.84186007662942e-08
3.93293043334905e-08
3.63126734704353e-08
3.79874660272683e-08
3.73589356223817e-08
3.78865905301915e-08
3.79549622846417e-08
4.02573562669787e-08
3.87097752099179e-08
3.90426616800379e-08
3.93308432662154e-08
3.91901478155206e-08
4.05399007592994e-08
4.08192288996717e-08
4.29138910908267e-08
4.24644463202793e-08
3.82943167160239e-08
3.62413495606657e-08
3.77884300049223e-08
3.58062751350793e-08
4.2846861644057e-08
4.38946348677979e-08
4.49365809735202e-08
4.79630838476117e-08
5.03418484232452e-08
4.43341828132324e-08
4.48119871128812e-08
4.48836223575496e-08
4.64522516748924e-08
4.83822920347068e-08
5.28638771633019e-08
4.37326477267432e-08
4.50758699890877e-08
4.54245105025278e-08
4.03208474870702e-08
4.15430994770628e-08
4.05005656978134e-08
4.04191317339913e-08
4.13360427916891e-08
4.03128063250473e-08
3.95790284466615e-08
4.12328258607954e-08
3.88226022781811e-08
3.88468795549853e-08
3.98481251507996e-08
4.04957208669652e-08
4.19478449361901e-08
4.04230796385548e-08
4.09372874640039e-08
4.04101767126486e-08
4.19021281092274e-08
4.22282706861511e-08
4.46479480055576e-08
4.51670436323871e-08
4.41446094262338e-08
3.9703938347191e-08
3.93760731193633e-08
3.81333015770996e-08
4.50273121553248e-08
4.61979880045636e-08
4.83489338797628e-08
4.70886275771141e-08
4.67846345472093e-08
5.23364385106235e-08
5.03418484232452e-08
4.73397805796068e-08
4.82765501319922e-08
4.99466299965995e-08
5.54208546349611e-08
5.39787218133375e-08
4.67694252876266e-08
4.67604270453854e-08
4.72390563064644e-08
4.83393997780069e-08
4.19120745148091e-08
4.27920464799425e-08
4.33514353117092e-08
4.23539421336644e-08
4.22681581801116e-08
4.29858729108856e-08
4.06479846275932e-08
4.30062922158551e-08
4.14870487148029e-08
4.13981232856174e-08
4.23677494211707e-08
4.31597597912969e-08
4.24310884007196e-08
4.32829513903537e-08
4.29168938923298e-08
4.43495009996843e-08
4.63899250391914e-08
4.68386882906932e-08
4.84917269291875e-08
4.60029381879961e-08
4.12995780389099e-08
4.27264692278719e-08
4.05189138620752e-08
5.03950203408077e-08
4.81095647793769e-08
4.99046719838786e-08
4.98176142865886e-08
4.89916151913784e-08
5.04703354765137e-08
5.18051357182459e-08
5.80440188568379e-08
5.20081195234894e-08
5.03225266692529e-08
5.45797206728337e-08
5.67299105580957e-08
5.10059370042114e-08
4.99451447565653e-08
5.0572537152645e-08
4.39107968249741e-08
4.5347501331372e-08
4.43914617994075e-08
4.54712737195173e-08
4.51459851273617e-08
4.48028996423476e-08
4.40022458786066e-08
4.47775391210341e-08
4.30466418509988e-08
4.48297670374967e-08
4.33639353966484e-08
4.32227684993324e-08
4.42964960419895e-08
4.4601278472813e-08
4.50321797305877e-08
4.53823265035517e-08
4.71074405888304e-08
4.83731655657233e-08
4.98059777618635e-08
4.94498064473342e-08
4.4463235421897e-08
4.30935844885332e-08
5.19365922002706e-08
5.12047980211445e-08
5.19445420790511e-08
5.28118723011181e-08
5.40862380018204e-08
5.92934797677016e-08
6.07162242068541e-08
5.36627271910115e-08
5.682584157856e-08
5.86948906176989e-08
5.24616656305468e-08
5.23860897253357e-08
5.36576511936063e-08
5.2829099595137e-08
4.71350517569964e-08
4.61497528747089e-08
4.69149403687973e-08
4.74048929786648e-08
4.68514644719787e-08
4.75043570491829e-08
4.67275767727098e-08
4.73899794946973e-08
4.66158276131376e-08
4.64192312648911e-08
4.68309862343254e-08
4.55889426783676e-08
4.63222015009166e-08
4.82326333216019e-08
4.65773531018558e-08
4.83994840701089e-08
4.93283954283385e-08
5.16293891396805e-08
5.12496011938397e-08
5.42640255257444e-08
4.59006048924755e-08
4.74890327189343e-08
4.5876923010042e-08
6.34436443899067e-08
5.39799308349363e-08
5.41818206106057e-08
5.48558994439062e-08
5.66715667042604e-08
5.5827407645485e-08
6.16299465176118e-08
5.70475101941584e-08
5.96020576603616e-08
5.59914528125276e-08
5.51654164576566e-08
5.66678669136616e-08
5.58500073350491e-08
5.00902333607807e-08
5.00902770297855e-08
4.91166088104303e-08
4.84072716380492e-08
4.91748278324482e-08
4.97177735749483e-08
4.89059233198263e-08
4.94145821707974e-08
4.84887771251058e-08
4.8629324877186e-08
4.8333484385136e-08
5.08626583682431e-08
4.86099362369406e-08
4.9132150707078e-08
5.04605510202398e-08
5.18230535235375e-08
5.14662479631226e-08
5.35028189722322e-08
5.53931493690297e-08
5.65287156505693e-08
4.98551614995036e-08
4.89017121198363e-08
6.48383989146478e-08
6.63326632766948e-08
5.64782410765246e-08
5.81906250948644e-08
5.85428800217067e-08
6.2903166596099e-08
6.5111824171423e-08
6.02516426773348e-08
6.25007368397566e-08
6.0761067224682e-08
5.84651552459907e-08
5.8174027292803e-08
5.87092694659164e-08
5.86585278983188e-08
6.94089468154781e-08
5.23165632989609e-08
5.19762098675696e-08
5.08689686278891e-08
5.24181371528326e-08
5.18749977314077e-08
5.14321889671505e-08
5.28250344949793e-08
5.16826170068032e-08
5.00327927819721e-08
5.15577944009748e-08
5.3902914972219e-08
5.38318167069525e-08
5.15674333270618e-08
5.27750550190189e-08
5.13244397240115e-08
5.39951996276003e-08
5.47739232516377e-08
5.69148226997148e-08
5.84366973044356e-08
5.87186766218527e-08
6.15647856806373e-08
5.22768889277882e-08
5.21186140501649e-08
6.85651052137729e-08
6.0471206148949e-08
6.08193240810964e-08
6.49477724485462e-08
6.75492616609075e-08
6.34421474163961e-08
6.25432102246626e-08
6.07869857473879e-08
6.0662932130655e-08
6.12347869681876e-08
6.36054828809652e-08
7.08286457886093e-08
7.26992360510866e-08
5.50756747062229e-08
5.41656943781685e-08
5.48132852047171e-08
5.29336122456537e-08
5.411349837186e-08
5.54579533464609e-08
5.42905896239785e-08
5.44857761682101e-08
5.68901043013911e-08
5.31022333550104e-08
5.38458289504417e-08
5.62366034643695e-08
5.77671648810679e-08
5.47644797133406e-08
5.64555967526146e-08
5.50726358727222e-08
5.67089068715945e-08
5.75730076254864e-08
5.71518552482475e-08
5.88225111184338e-08
5.94892505719259e-08
6.09895109648282e-08
6.43782251958961e-08
5.5466848258017e-08
7.24561651751851e-08
7.05079397625579e-08
6.30409667284881e-08
6.32121383668052e-08
6.60824432039019e-08
6.61629039514717e-08
6.9868661415709e-08
6.47519414961247e-08
6.38965857831313e-08
6.263573611205e-08
6.3173686945383e-08
6.63857146096201e-08
7.51553540889818e-08
7.61666572258e-08
7.54834420636074e-08
5.72590700717811e-08
5.98567634970089e-08
5.81643515919671e-08
6.0336173075034e-08
5.62991733788207e-08
5.86521906532112e-08
5.74496369919748e-08
5.76932494752359e-08
6.01595177366832e-08
5.578039160363e-08
5.61062132322452e-08
5.8025421244765e-08
6.00501822065328e-08
5.77176341429413e-08
5.7183912358834e-08
5.81483920040496e-08
5.94009305919335e-08
6.12457375760068e-08
6.07608400027148e-08
6.21369088720192e-08
6.37918174003614e-08
6.66309433253162e-08
6.72373325527554e-08
5.89096913066147e-08
7.47243642116127e-08
7.28037946908215e-08
6.51965316817591e-08
6.57505454526497e-08
6.84397423152572e-08
7.03290478685976e-08
6.89427844630499e-08
6.69695120607945e-08
6.93330109766271e-08
6.61789839357918e-08
6.67569595474936e-08
6.94617097421157e-08
7.97627687498982e-08
8.34714408743412e-08
7.86779566003505e-08
7.81580795608431e-08
6.21511123201452e-08
6.13045866451577e-08
6.30456864235184e-08
6.12896776270014e-08
6.12944534820802e-08
5.91063955357231e-08
6.01767445680025e-08
6.05121347311137e-08
6.23414059556997e-08
6.28062298342189e-08
5.96039240907463e-08
6.12612018854353e-08
6.41339259074653e-08
6.1645368253809e-08
5.98335693946176e-08
6.21765943960415e-08
6.4439028991445e-08
6.38506938102445e-08
6.42741354621299e-08
6.63138439724616e-08
6.85134403239148e-08
6.93889299596263e-08
7.21360378486646e-08
6.24480152033965e-08
8.72400559613732e-08
7.6056873268414e-08
8.08967491974923e-08
7.44550675453901e-08
6.90158015790699e-08
7.25316216502265e-08
6.93618358089004e-08
7.15707665318065e-08
7.23696351986913e-08
6.94710431343071e-08
7.15972302323984e-08
8.33455435037255e-08
8.2185799743054e-08
8.72400559613732e-08
6.38919890650172e-08
6.60098547358316e-08
6.29606534934006e-08
6.53728072496784e-08
6.56468406723682e-08
6.2026524194996e-08
6.57794035686638e-08
6.5295917777825e-08
6.54425638522605e-08
6.34682482393422e-08
6.63373985410766e-08
6.59730560565994e-08
6.4261351055327e-08
6.4261351055327e-08
7.57697832651481e-08
6.60463043388527e-08
6.62149840344882e-08
6.72487736214283e-08
6.98081653661776e-08
7.1363711141351e-08
7.24544801252762e-08
7.43575377271345e-08
6.61796400643676e-08
9.01494350004712e-08
9.10428401000476e-08
9.49661824304587e-08
8.43445317206663e-08
7.92762668469256e-08
8.22111031837903e-08
7.61687467253331e-08
7.97041057964341e-08
7.40122325787322e-08
7.40951763322654e-08
7.60826945484892e-08
7.44949670488208e-08
8.64896632459807e-08
9.02191263035286e-08
6.77319133577704e-08
6.84455643517578e-08
6.88277908489508e-08
6.46271510385794e-08
6.6311308289091e-08
6.85164255505929e-08
6.96683774974963e-08
6.62437616115245e-08
6.82242318616829e-08
6.82531417718986e-08
6.71132903413086e-08
6.84883281245509e-08
6.77088440502997e-08
7.10928023419661e-08
7.9167614153869e-08
7.77436590246646e-08
7.00069681564922e-08
7.2376199406071e-08
7.40115615757353e-08
7.67079690147229e-08
7.71298035829416e-08
7.02498318132523e-08
9.29893544192082e-08
9.6093657141822e-08
9.90227006610305e-08
8.79894855452671e-08
8.57139756793796e-08
8.29917765036991e-08
7.9117028968447e-08
7.66175061152832e-08
7.86153697104017e-08
7.81949397746164e-08
8.13767111449985e-08
8.30789066305689e-08
9.34810656827332e-08
9.07952217017273e-08
7.03215578002098e-08
7.09398890504576e-08
7.13964572861373e-08
7.17413921759625e-08
6.79628878632305e-08
6.95177848695436e-08
7.16206223933626e-08
7.42913814961087e-08
7.14545457507327e-08
6.89496412572238e-08
7.04041832285637e-08
7.11139574848051e-08
6.99832142291321e-08
7.09506322466187e-08
7.13261159839122e-08
7.38249090648632e-08
7.72495913220816e-08
8.10449640750937e-08
8.09481430877254e-08
7.40790128252844e-08
7.51206226546856e-08
7.78276237570667e-08
8.03690110901925e-08
7.24130263142327e-08
1.00045231232351e-07
9.63838533713698e-08
9.79329559022342e-08
1.03205460519589e-07
9.15045583098515e-08
8.9118733427374e-08
8.32096771395531e-08
8.62440669452078e-08
8.52897765848491e-08
8.20453660524889e-08
8.16915433316979e-08
8.50038531068243e-08
8.58166532832918e-08
9.52458018918079e-08
7.36655805929111e-08
7.3987664451682e-08
7.45494228222028e-08
7.59635291526145e-08
7.21594334703981e-08
7.29476016952693e-08
7.52633311028954e-08
7.43966853773926e-08
7.30633853276211e-08
7.32717599914939e-08
7.24130263142327e-08
7.38412952286775e-08
7.35285383380764e-08
7.68474499969814e-08
7.70010540674123e-08
7.89796335213099e-08
7.94333973117671e-08
8.25706050036141e-08
8.40486495028709e-08
7.8047850301188e-08
8.1260617868962e-08
8.30706426654121e-08
7.46619247397071e-08
1.03202736858368e-07
1.00098902093989e-07
1.02724281734935e-07
1.0747835610764e-07
1.06875904486896e-07
9.43986883326337e-08
9.17484156090844e-08
8.52480990061578e-08
8.85949595528212e-08
8.52238866098017e-08
8.76677368183875e-08
8.82865958094694e-08
8.87756474097709e-08
9.91273076918178e-08
8.01566462570429e-08
7.66825972161556e-08
7.88431029855824e-08
8.09749657020523e-08
7.5230316945323e-08
7.7264851125448e-08
7.95793947048017e-08
7.63857445769763e-08
7.60148044472527e-08
7.93562843149738e-08
7.69679635493815e-08
7.97403425978551e-08
8.08726057342858e-08
8.2676753551099e-08
8.33300827551247e-08
8.57144580557357e-08
8.84875372641915e-08
8.34871141571844e-08
8.52652330048722e-08
8.73471239612312e-08
7.93299496532708e-08
1.02918180016427e-07
1.07374945021867e-07
1.04629376123449e-07
1.11887337701352e-07
1.12041083702588e-07
1.16364389095775e-07
9.54869729974437e-08
9.24942864610345e-08
8.84110926852713e-08
9.14395715996394e-08
9.05411451011619e-08
9.93699114487635e-08
9.10991669808652e-08
9.20656762712046e-08
9.19090650008608e-08
9.22948818969402e-08
1.0295188582443e-07
1.06290152998719e-07
8.40699431259002e-08
8.16983041529164e-08
8.37638494652833e-08
8.30518328925272e-08
7.96562178651295e-08
8.10297011219024e-08
8.32736210812564e-08
7.89203196994997e-08
7.96606711402771e-08
8.20779322832246e-08
8.27643877653261e-08
8.41865824395735e-08
8.17389377570626e-08
8.34682956874897e-08
8.44228124764715e-08
8.62806756329143e-08
8.70888467913887e-08
9.120667115806e-08
9.42956760654149e-08
8.66803599276509e-08
8.70304578232035e-08
8.96159296644872e-08
9.06547430516755e-08
8.41948126854986e-08
1.08232416607014e-07
1.11557009617966e-07
1.15860909262771e-07
1.15333045825293e-07
1.20887934900082e-07
9.72896049656218e-08
9.52630335386073e-08
9.36669538671593e-08
9.54596642481469e-08
1.02220934039283e-07
9.4531234909039e-08
9.77314411545739e-08
9.57708441043711e-08
1.06478167853681e-07
1.06478936586341e-07
1.10120860511314e-07
8.92463429649607e-08
8.53155122115548e-08
8.81882009547899e-08
8.68067482661653e-08
8.39183218029576e-08
8.61436871831177e-08
8.51618906323273e-08
8.73756551123942e-08
8.65321771783895e-08
8.75454840136776e-08
9.1121726730868e-08
8.66394903674435e-08
8.65816553077288e-08
8.93232568396857e-08
8.94500865234041e-08
8.97452825413971e-08
9.41717378604387e-08
9.74581871818079e-08
8.98840153110868e-08
9.10806757819074e-08
9.3533382324333e-08
9.3663445132872e-08
8.91498961641908e-08
1.11984836957968e-07
1.15597703628327e-07
1.18233912307197e-07
1.19210713847533e-07
1.22779099342331e-07
1.25527574448608e-07
1.01696016842197e-07
9.92097315040092e-08
9.85797198164222e-08
9.8485776223329e-08
1.03308177410947e-07
9.80925134614584e-08
1.00450347276068e-07
9.94874707181762e-08
1.10251631586289e-07
1.07869126436568e-07
1.14247559019703e-07
9.15609293168529e-08
9.01208758070647e-08
9.00301319506392e-08
8.73595274675337e-08
8.92859997987053e-08
9.02175459540735e-08
9.20973512403356e-08
9.43046937475078e-08
9.34087699805435e-08
9.16530670665971e-08
9.3069386667726e-08
9.25185040093873e-08
9.34072562340842e-08
1.00170849702201e-07
9.49281878534221e-08
9.49669553984886e-08
9.7747080190988e-08
1.00001000911312e-07
9.42300422454612e-08
1.18020868384864e-07
1.19516278412331e-07
1.23022328909204e-07
1.25254269869065e-07
1.26521272123597e-07
1.29610970634785e-07
1.30336726123292e-07
1.05505932301469e-07
1.04544733457817e-07
1.02486857033297e-07
1.01664328817927e-07
1.05996738331378e-07
1.09643537856367e-07
1.04167696635813e-07
1.03828249444443e-07
1.14856239016222e-07
1.11496424938924e-07
1.1391162225027e-07
1.18701236675695e-07
1.22070181311814e-07
9.39515360526835e-08
9.66758636404273e-08
9.47859035972291e-08
9.30776343983766e-08
9.25667240783848e-08
9.44158846679905e-08
9.66483120148165e-08
9.75906909109391e-08
9.83396733394933e-08
9.55117355647627e-08
9.59858262261549e-08
9.69160160971295e-08
9.70248711312326e-08
1.04098206243164e-07
9.93894881036803e-08
9.89326109696646e-08
1.01993079901177e-07
9.95425162892935e-08
1.23043832152623e-07
1.27418499340723e-07
1.3166193771092e-07
1.33426346264396e-07
1.35242569675779e-07
1.08649837166867e-07
1.09991786845341e-07
1.09818574512658e-07
1.06681336280826e-07
1.09924279334537e-07
1.0880743476464e-07
1.14563362185892e-07
1.18364799902448e-07
1.18138723331057e-07
1.17543565999239e-07
1.26458902732651e-07
1.21947241469e-07
1.25266995270993e-07
1.01142047077617e-07
9.81054367638341e-08
9.88543642944552e-08
9.98119350097684e-08
9.82598989172709e-08
9.75467187435245e-08
1.01003647256616e-07
1.02632143438742e-07
1.01070099372111e-07
1.00208077995429e-07
1.01927121206264e-07
9.91543535213101e-08
9.93448308810229e-08
1.0196963063516e-07
1.03298406179614e-07
1.07360962365967e-07
1.02668696132681e-07
1.05890650856014e-07
1.06459177586559e-07
1.05055842586005e-07
1.40203977360867e-07
1.29547710258198e-07
1.31624765580191e-07
1.42691422854242e-07
1.31940251122998e-07
1.36205648496189e-07
1.39207349300888e-07
1.12671941213598e-07
1.12496107089441e-07
1.1101796698268e-07
1.14158191775911e-07
1.13748641075835e-07
1.14888529395024e-07
1.1249133174602e-07
1.18749241232381e-07
1.22951642688044e-07
1.21676192376372e-07
1.29424194513447e-07
1.26603842823224e-07
1.33580548592403e-07
1.04722406736268e-07
1.04410615087222e-07
1.02142579849101e-07
1.03996154750707e-07
1.02586515842478e-07
1.04635206889116e-07
1.06397348493048e-07
1.04289370151158e-07
1.05035638080423e-07
1.04555662603221e-07
1.05770465298422e-07
1.02979454724915e-07
1.03681619674947e-07
1.07217757971248e-07
1.06608847312738e-07
1.10193772701864e-07
1.08443171304277e-07
1.10381430281857e-07
1.09305018332772e-07
1.07874293845745e-07
1.45323198259722e-07
1.47673014196444e-07
1.33815527573661e-07
1.35711357408172e-07
1.45788163766026e-07
1.39781958908302e-07
1.43912181727171e-07
1.16569825983734e-07
1.17412621449043e-07
1.14538514284855e-07
1.17661973020592e-07
1.17662837671764e-07
1.20021268289193e-07
1.192744358142e-07
1.23019177209696e-07
1.28194562423851e-07
1.27579790717472e-07
1.33380404110106e-07
1.36821055757314e-07
1.08603559405165e-07
1.08255595216643e-07
1.07757801432131e-07
1.09896142013839e-07
1.07945287229118e-07
1.10899877592382e-07
1.09977355085426e-07
1.08676562572277e-07
1.10275862642347e-07
1.07485577204492e-07
1.11146814258027e-07
1.10787177079273e-07
1.14919519819179e-07
1.14799975785755e-07
1.14171408972594e-07
1.13679826380657e-07
1.10758467860421e-07
1.50522559798409e-07
1.51005425190572e-07
1.40852705996791e-07
1.3979865094472e-07
1.48993546295188e-07
1.45254190287983e-07
1.20613211034746e-07
1.21602261536184e-07
1.19189476394879e-07
1.21237419609972e-07
1.23532220427844e-07
1.41314963892485e-07
1.25644145898525e-07
1.29837647576345e-07
1.3096892691592e-07
1.34727489976591e-07
1.3852667621233e-07
1.13071020286126e-07
1.17030882289872e-07
1.13168525521317e-07
1.13822023938626e-07
1.12180317196502e-07
1.15747844969504e-07
1.13812481231756e-07
1.13533021665171e-07
1.1318563678212e-07
1.16242023980976e-07
1.12254997259367e-07
1.14509632364349e-07
1.15058674782002e-07
1.19647818521111e-07
1.20000341478412e-07
1.18495814775503e-07
1.18124281909392e-07
1.16620787882463e-07
1.55785104009465e-07
1.61131807922776e-07
1.56334906695706e-07
1.56161674870711e-07
1.44943722431051e-07
1.44174281695589e-07
1.52829712505269e-07
1.4992879654333e-07
1.26035480421235e-07
1.23605819758561e-07
1.25107382360518e-07
1.25312352834097e-07
1.27880878784085e-07
1.44996118322434e-07
1.49867516896795e-07
1.31091436833678e-07
1.33995839680442e-07
1.36684998594748e-07
1.41568100618616e-07
1.22178106341447e-07
1.1738754628056e-07
1.16009024057764e-07
1.18300854858637e-07
1.18209313102334e-07
1.20705051725521e-07
1.18037577561518e-07
1.17780308568861e-07
1.17296913947537e-07
1.20992474378262e-07
1.18398486795509e-07
1.22102577655388e-07
1.21240419053951e-07
1.23463813704395e-07
1.25988268706827e-07
1.269399842437e-07
1.25451827942031e-07
1.22581524246908e-07
1.60989173755097e-07
1.66590696977871e-07
1.62286778932945e-07
1.58485235948217e-07
1.59241078877862e-07
1.48901814921289e-07
1.54903655034437e-07
1.31270817930052e-07
1.28492309533029e-07
1.31234079825129e-07
1.34232070721133e-07
1.54236225372738e-07
1.46460549325712e-07
1.51246181972544e-07
1.37149684186185e-07
1.38469295675759e-07
1.41648027174412e-07
1.45594187067291e-07
1.22124284417805e-07
1.19778897136777e-07
1.22364545834342e-07
1.2536851271293e-07
1.22140881879103e-07
1.21283721512307e-07
1.21172196691252e-07
1.25784565002057e-07
1.24509094395683e-07
1.25786927490941e-07
1.25636127517513e-07
1.24195246550593e-07
1.25636127517513e-07
1.28346346515544e-07
1.28720475168348e-07
1.28989088929335e-07
1.2684679810044e-07
1.31480718625325e-07
1.31213410758523e-07
1.33297496117565e-07
1.28770511846938e-07
1.66565288143233e-07
1.72154996737228e-07
1.67458093792608e-07
1.64330316234861e-07
1.63557107099364e-07
1.72056414157997e-07
1.72295614665784e-07
1.59404856419337e-07
1.55879072570208e-07
1.37141734663957e-07
1.33800935486827e-07
1.36499595985324e-07
1.38536967649943e-07
1.58673458479778e-07
1.4238282464612e-07
1.50405308725426e-07
1.54926726335756e-07
1.43034502490992e-07
1.47851682355666e-07
1.26884746106978e-07
1.29682623622123e-07
1.26550863688909e-07
1.30129300873709e-07
1.25724680677635e-07
1.28776403017917e-07
1.30263936234814e-07
1.31111889289988e-07
1.30196884718398e-07
1.32378428122797e-07
1.33236527680974e-07
1.30900626168464e-07
1.35946569811787e-07
1.35363983868787e-07
1.37587730498525e-07
1.37897712869382e-07
1.35188898520953e-07
1.74980049558922e-07
1.77824308025865e-07
1.77634398890198e-07
1.69488636261708e-07
1.66785565764637e-07
1.63621496714175e-07
1.77863329143316e-07
1.75532399109107e-07
1.6239173531533e-07
1.42212707311594e-07
1.3831187335651e-07
1.41226640113901e-07
1.64116487729756e-07
1.59854343326238e-07
1.57795755342745e-07
1.45642486933526e-07
1.46162537743894e-07
1.55130220876103e-07
1.49864024984349e-07
1.33327480641492e-07
1.33456497731298e-07
1.33032378073727e-07
1.33171036145217e-07
1.32924620553505e-07
1.34805849839574e-07
1.36262795118317e-07
1.3471483976919e-07
1.36808240969829e-07
1.36492256756201e-07
1.36174576718684e-07
1.39407963022383e-07
1.35698299513513e-07
1.3817929648829e-07
1.40122237412575e-07
1.42626566099616e-07
1.40761043664806e-07
1.42188328943378e-07
1.42907532060027e-07
1.3843361314831e-07
1.81772143759132e-07
1.83572044202505e-07
1.82547435450525e-07
1.72444073340432e-07
1.69125568122715e-07
1.83595849538133e-07
1.78167565661001e-07
1.71029116451041e-07
1.69523670532791e-07
1.49506641502102e-07
1.46148377218787e-07
1.45539078757233e-07
1.65506672710398e-07
1.62228915803608e-07
1.60115354262255e-07
1.52321229604316e-07
1.56110854617659e-07
1.5328415027587e-07
1.37709508862194e-07
1.38082063518682e-07
1.41624024949442e-07
1.38792982444275e-07
1.40575082951687e-07
1.3843361314831e-07
1.40065082918547e-07
1.40352802521564e-07
1.40712834859156e-07
1.44521545710719e-07
1.422535328501e-07
1.42557131338866e-07
1.46535636120983e-07
1.47703740624614e-07
1.48179885494652e-07
1.47484510394611e-07
1.4732960317434e-07
1.4171922327003e-07
1.88315906873892e-07
1.8941391229806e-07
1.88542453740794e-07
1.95396000535301e-07
1.87914132371466e-07
1.74817663769604e-07
1.84634490197269e-07
1.80948855532706e-07
1.71042416517536e-07
1.75267387163194e-07
1.74677505306195e-07
1.5214042383077e-07
1.52193535799535e-07
1.65131041370274e-07
1.62104533067074e-07
1.57084935603671e-07
1.62552473991401e-07
1.57126680851086e-07
1.59519934259138e-07
1.43596550610787e-07
1.48146979714917e-07
1.45227819476535e-07
1.45107791379387e-07
1.44253168360042e-07
1.45775723168692e-07
1.45188950905853e-07
1.45091709605746e-07
1.45233027705141e-07
1.47091684213224e-07
1.49568903706065e-07
1.51045296078999e-07
1.52716930915242e-07
1.51293548209741e-07
1.53073670657342e-07
1.51996547126071e-07
1.54385372601788e-07
1.48490334087751e-07
1.94542942268614e-07
1.95125947051118e-07
1.92690915607444e-07
1.97704214329087e-07
2.01474258278767e-07
1.91240505288022e-07
1.70067464990356e-07
1.73094047196428e-07
1.79239728515078e-07
1.85174764161828e-07
1.89616699015603e-07
1.76149037741227e-07
1.79891910343818e-07
1.56553437096381e-07
1.57077356643584e-07
1.65974691320366e-07
1.65972286189326e-07
1.64617154120424e-07
1.49536734738279e-07
1.53139617923806e-07
1.51606475787596e-07
1.49762352471251e-07
1.49192183985327e-07
1.49955709430817e-07
1.51915714047947e-07
1.50802015523763e-07
1.54655877669832e-07
1.58965703942172e-07
1.57487881619723e-07
1.56372483153679e-07
1.59289522536295e-07
1.58845991193414e-07
1.59674430690396e-07
1.55368491508054e-07
2.00170028338447e-07
1.98922617154642e-07
1.98144901130157e-07
2.0386549357531e-07
2.02878964967849e-07
2.07778082833355e-07
1.9557136308829e-07
1.70792998288902e-07
1.75546818595643e-07
1.79904349034071e-07
1.8631717810957e-07
1.91256328436532e-07
1.95282571553179e-07
1.84481669893066e-07
1.61332980249168e-07
1.65610690195875e-07
1.7136826763205e-07
1.6937656461861e-07
1.7114110314957e-07
1.54802391140929e-07
1.57648195727772e-07
1.54413360636944e-07
1.56511008904519e-07
1.57730146404334e-07
1.54895251017194e-07
1.54144649188286e-07
1.58849334584564e-07
1.55848695786036e-07
1.59996255497723e-07
1.63663376401369e-07
1.59581619644776e-07
1.6378423449956e-07
1.62778454510217e-07
1.63265243201157e-07
1.64051160718919e-07
1.67295511671124e-07
1.62392040512341e-07
2.06411939486113e-07
2.02722679901858e-07
2.04564184871119e-07
2.09582655835169e-07
2.10983489902417e-07
2.14254699861821e-07
2.21001589102335e-07
2.01043828164258e-07
1.84829071510114e-07
1.7663311604469e-07
1.81558896866519e-07
1.93835590659897e-07
1.95241080183236e-07
2.00282469734304e-07
1.89938370923971e-07
1.94154616052883e-07
1.67840927438319e-07
1.71056508517154e-07
1.77231282701538e-07
1.74128401594512e-07
1.77417059360555e-07
1.60191443486394e-07
1.63234189459453e-07
1.68366065451417e-07
1.59319242012729e-07
1.61248876391382e-07
1.62357400651583e-07
1.59418539589096e-07
1.6597228342906e-07
1.62260692627684e-07
1.6474463958363e-07
1.64803610713902e-07
1.69525129130924e-07
1.66710722752495e-07
1.67912608571334e-07
1.71659055404337e-07
1.71591324390751e-07
1.69587804037135e-07
2.27962517016771e-07
2.13241167142841e-07
2.15087154571668e-07
2.08174350220448e-07
2.10427530133846e-07
2.18418173359091e-07
2.25589408345171e-07
2.09809166590402e-07
2.06625239600649e-07
1.8181446005259e-07
1.87767806876565e-07
1.84292526935076e-07
1.92850598606231e-07
1.9962355647768e-07
2.04862271277392e-07
1.9625619407464e-07
1.99583918071916e-07
1.75634993211522e-07
1.78088671393663e-07
1.82210379601666e-07
1.81021973961664e-07
1.71595209054913e-07
1.74609363970466e-07
1.66769596945496e-07
1.70964788493535e-07
1.73788184967589e-07
1.64446591492936e-07
1.69176737475524e-07
1.67427482817436e-07
1.69253051051504e-07
1.70880109642424e-07
1.73364352838883e-07
1.74223901878524e-07
1.80741896140481e-07
1.77349119154882e-07
1.79962050961194e-07
1.76988586124113e-07
2.35149356026787e-07
2.31916621838923e-07
2.19818908957358e-07
2.19510435248854e-07
2.13512434988028e-07
2.26638289800264e-07
2.33665597825591e-07
2.15173445317202e-07
2.12410255998657e-07
2.10594532456879e-07
1.88488823767415e-07
1.92223858498998e-07
1.97648698289574e-07
2.05695363621514e-07
2.00936729288292e-07
1.8303207922536e-07
1.81112102527355e-07
1.86866061663365e-07
1.85972733026494e-07
1.87846660061004e-07
1.74915225302371e-07
1.79956348296258e-07
1.78880219416868e-07
1.78742654795829e-07
1.7360087143916e-07
1.79433590298473e-07
1.69665177044407e-07
1.75234986299626e-07
1.75040399554546e-07
1.75780296570105e-07
1.75633982027445e-07
1.88830271221521e-07
1.79622363122913e-07
1.83565409716606e-07
1.83835896660421e-07
1.840660746433e-07
1.84523313754419e-07
2.3879196263651e-07
2.42481555357956e-07
2.50017666154803e-07
2.3879196263651e-07
2.25628589958186e-07
2.19758144959394e-07
2.23899764906936e-07
2.32180955751895e-07
2.40894866099126e-07
2.19921274892818e-07
2.16714837171026e-07
2.25981876873818e-07
2.12177746046631e-07
1.93388155311434e-07
1.98406069088289e-07
2.01594860746187e-07
2.06544046962573e-07
2.12204849257495e-07
1.90058925421933e-07
1.95534281309679e-07
1.93752712304313e-07
2.02003057761498e-07
1.80246795506827e-07
1.88343571206081e-07
1.84596891413724e-07
1.85948187365676e-07
1.8569411823815e-07
1.80040147504096e-07
1.85456188917616e-07
1.78767269086262e-07
1.81122218966752e-07
1.81866579494074e-07
1.94092893417497e-07
1.8993658809858e-07
1.94590470589538e-07
1.87409680213634e-07
1.88923680300351e-07
1.91571589985394e-07
1.92243688899601e-07
2.5770364423463e-07
2.50019523492104e-07
2.4845855814713e-07
2.28318912439078e-07
2.27462014686055e-07
2.36215113845422e-07
2.39662689172009e-07
2.4255666978654e-07
2.46503357037012e-07
2.18626567933664e-07
2.23451497252247e-07
2.34833282586408e-07
2.30751294599881e-07
2.17058739734669e-07
1.99989693114826e-07
2.0449101535519e-07
2.05780117398688e-07
2.09740204485951e-07
2.16161162181499e-07
2.1071409851203e-07
1.97757164809879e-07
2.01458145057942e-07
2.07136864714219e-07
1.93545260605627e-07
1.85906586664529e-07
1.90319474233802e-07
1.91397662725812e-07
1.93056232213041e-07
1.8877853713762e-07
1.90993724963994e-07
1.85353216766804e-07
1.88046103368156e-07
1.89007516098345e-07
1.98961756162527e-07
1.94814186749376e-07
1.99260930768866e-07
1.96330582532849e-07
1.9276238898861e-07
1.96746986517159e-07
1.98855337741749e-07
2.00158617714634e-07
2.65580608486039e-07
2.61217725806755e-07
2.55817014870576e-07
2.56564206649759e-07
2.3622809573677e-07
2.45561294897958e-07
2.52840987171169e-07
2.40817187170566e-07
2.2325311539949e-07
2.28386936466767e-07
2.38356116785577e-07
2.23743656140643e-07
2.06694168158835e-07
2.10844973993229e-07
2.18235146626309e-07
2.17068612061533e-07
2.06471992771492e-07
2.09198109401985e-07
2.1339758511931e-07
1.97535394103419e-07
1.9366637555488e-07
1.97288853019812e-07
2.01019377456437e-07
1.97624822862391e-07
1.96714164545725e-07
1.93029071882144e-07
1.92094932896878e-07
1.96262068030014e-07
2.05205118186376e-07
2.1016324355036e-07
1.99687435005132e-07
2.04074145506489e-07
2.00993263162932e-07
2.00959641165033e-07
2.05836671985033e-07
2.03482573378604e-07
2.04510794643498e-07
2.08390683300812e-07
2.73809952838671e-07
2.82256485502217e-07
2.99892531728148e-07
2.90925189619487e-07
2.69657404129184e-07
2.75568433493763e-07
3.09165413037458e-07
2.63693570612651e-07
2.64425894964355e-07
2.60220854021323e-07
2.45250711781306e-07
2.54440830706895e-07
2.47700908052425e-07
2.4424024308979e-07
3.73530417198872e-07
3.18785966117588e-07
3.61430563961628e-07
3.49956169052419e-07
3.39031811919882e-07
3.28695159665847e-07
3.78344348424218e-07
3.86262287772216e-07
4.65767809139785e-07
2.2978077663641e-07
2.39996187547952e-07
2.31534041899893e-07
2.28113177442867e-07
2.15500530903266e-07
2.15938134440394e-07
2.21179746504519e-07
2.24623032593967e-07
2.14483017594204e-07
2.19868602987016e-07
2.15898010828165e-07
2.20169298889212e-07
2.02573151726662e-07
2.07979785424e-07
2.03109186865435e-07
2.02013038944835e-07
2.06096007845859e-07
2.10931837130547e-07
2.02308951027082e-07
1.99024778114322e-07
1.97661043708073e-07
2.02143008519185e-07
2.10001740914994e-07
2.06536765796377e-07
2.06284577736114e-07
2.12280250322925e-07
2.09968376934308e-07
2.1696367565439e-07
2.25964062181621e-07
2.82256485502217e-07
3.04498096972668e-07
2.92183773593234e-07
2.7462761916549e-07
2.8189013909888e-07
3.14603799291604e-07
3.09354406646354e-07
2.71683774639788e-07
2.68463270841947e-07
2.66403376671748e-07
2.52720609657377e-07
2.59713099163805e-07
2.53120620311339e-07
2.47476154547206e-07
3.66486628855567e-07
3.27057189621441e-07
3.26145316889185e-07
3.51233372529903e-07
3.36460921665742e-07
3.73883193080071e-07
4.47357280608883e-07
4.53088479050684e-07
3.99962062961575e-07
4.14558630470338e-07
4.30362525166253e-07
3.8721000503339e-07
3.9760384330573e-07
4.65767809139785e-07
2.37394561812474e-07
2.45490502728526e-07
2.38326063934882e-07
2.33079993515849e-07
2.21602352369699e-07
2.27903227604583e-07
2.32549395726758e-07
2.38810396722464e-07
2.16238489769099e-07
2.22678273073456e-07
2.26192010561977e-07
2.22395819064117e-07
2.25013115612463e-07
2.16931092328087e-07
2.09505530893159e-07
2.13900506302031e-07
2.08606590319792e-07
2.08392648393021e-07
2.14248345668207e-07
2.08134296203823e-07
2.04726184138963e-07
2.0512891853373e-07
2.12554825701858e-07
2.11372820117188e-07
2.14949350672838e-07
2.1922600844317e-07
2.18102798559092e-07
2.22711691443405e-07
2.28286316055899e-07
2.20186560208049e-07
2.3062904080464e-07
2.92384249409084e-07
2.99892531728148e-07
2.79294043727829e-07
2.87384549649855e-07
3.18034673336482e-07
3.05074423124344e-07
2.7501478462958e-07
2.73196661502443e-07
2.67088293005364e-07
2.6142703776669e-07
2.6040405286206e-07
2.52613587592717e-07
3.24595812494793e-07
3.58594808471412e-07
3.3434501985831e-07
3.44406949528532e-07
3.51564403118198e-07
3.6969133089824e-07
3.81791245688497e-07
4.39936488470324e-07
4.55096060791216e-07
4.11959785028556e-07
4.25449512212469e-07
4.01034414743256e-07
4.65767809139785e-07
2.46826838488899e-07
2.44003367699127e-07
2.2988572374605e-07
2.35201232022898e-07
2.42629326964337e-07
2.45492502782225e-07
2.29175009372121e-07
2.26000058448214e-07
2.31954846886665e-07
2.29983540587085e-07
2.31651881216472e-07
2.35817760673278e-07
2.23639644232366e-07
2.19171978557225e-07
2.16190037975962e-07
2.22922108073239e-07
2.15843068502761e-07
2.16792933568346e-07
2.14124887643475e-07
2.18899022450338e-07
2.24783968277964e-07
2.27230661123856e-07
2.27036495609349e-07
2.32985501192651e-07
2.26341956879032e-07
2.35355941691358e-07
2.95812020153502e-07
2.8492523799735e-07
3.14254677375922e-07
3.05642937310946e-07
2.79562208223774e-07
2.74603611091885e-07
2.74341444428904e-07
2.68823141707793e-07
2.65869422982066e-07
2.599321572062e-07
2.53629316524069e-07
3.18885365143009e-07
3.34259331703608e-07
3.60444766967918e-07
3.47991830831538e-07
3.72669426845503e-07
3.87895608958335e-07
4.54512538255098e-07
4.42550991997976e-07
4.21310900249506e-07
4.06341426604623e-07
4.65767809139785e-07
2.5128762596078e-07
2.38333994094276e-07
2.42534759959916e-07
2.5030446750769e-07
2.53845527561711e-07
2.32066057754426e-07
2.37245478728952e-07
2.41506161817087e-07
2.38404661363687e-07
2.2855477967032e-07
2.30363345595458e-07
2.23951815652102e-07
2.23248625741882e-07
2.30363800110051e-07
2.23677871075946e-07
2.23256386523474e-07
2.2468158432695e-07
2.33069242324242e-07
2.37499109166188e-07
2.40139777914712e-07
2.35267165270844e-07
2.32079150030993e-07
2.42378645831143e-07
2.45021548702949e-07
2.98148208657831e-07
2.87816488854068e-07
2.95016276288837e-07
3.10898930226955e-07
3.23770961561013e-07
2.86314413463717e-07
2.81421605613319e-07
2.78252223603049e-07
2.72293566657012e-07
2.62000159603101e-07
2.62569453034892e-07
3.32403911464191e-07
3.43458374597294e-07
3.62095672529501e-07
3.50578600227021e-07
3.73706016067889e-07
4.00316971149245e-07
3.83890596099142e-07
4.51505949942534e-07
4.34057625698874e-07
4.14066423484459e-07
4.65767809139785e-07
2.60426947624729e-07
2.43362054464755e-07
2.46648115465552e-07
2.50251086431371e-07
2.57003095451295e-07
2.37871156840489e-07
2.44199759915807e-07
2.43988114355391e-07
2.49667339446731e-07
2.4682790549646e-07
2.36948058098592e-07
2.34877520936705e-07
2.30325926021642e-07
2.35939868183302e-07
2.29280791610117e-07
2.33263567509045e-07
2.32253021150767e-07
2.40955385166516e-07
2.43328297607138e-07
2.49976272315248e-07
2.41461659820536e-07
2.47975930979476e-07
2.54995324963005e-07
2.57905577961125e-07
3.01548931622666e-07
3.0866995279697e-07
2.9761487912581e-07
3.30545867984788e-07
3.19019168745268e-07
2.93066052565568e-07
2.86062571850882e-07
2.78617397251906e-07
2.82601987227116e-07
2.70509672115637e-07
2.7274274469276e-07
2.72067748311237e-07
3.41872087858327e-07
3.53339679788353e-07
3.64900905680547e-07
3.78745397184238e-07
4.03927161135444e-07
3.88681206314273e-07
4.46602093973326e-07
4.27530269925959e-07
4.13687076590198e-07
4.65767809139785e-07
2.64811670227195e-07
2.52799120613906e-07
2.5850763409533e-07
2.63601535496551e-07
2.56816013102432e-07
2.48121445400103e-07
2.52280831641426e-07
2.53965455094194e-07
2.54929226233059e-07
2.43813993896025e-07
2.43258727877792e-07
2.37876711125774e-07
2.38739857347595e-07
2.38356106381321e-07
2.43552292437385e-07
2.47211412830299e-07
2.47488604814538e-07
2.50796440468272e-07
2.56386519540945e-07
2.50664307340993e-07
2.65265506826164e-07
2.62720620144258e-07
2.65265506826164e-07
3.10361496960467e-07
3.04036222296434e-07
3.30383318671651e-07
3.38939166142431e-07
3.19217090102559e-07
3.26974952876557e-07
2.94094155308501e-07
3.02089296959888e-07
2.81170692487091e-07
2.90951753992219e-07
2.78095090958035e-07
2.82751436139197e-07
2.75482491164308e-07
2.78902228018296e-07
3.50359628381912e-07
3.85267189574067e-07
3.62012132516713e-07
3.7324594691708e-07
3.58505470304282e-07
4.02747935830463e-07
3.95246441926994e-07
4.47471047754369e-07
4.32244865195175e-07
4.23209783451125e-07
4.65767809139785e-07
2.71262418662039e-07
2.61414922235708e-07
2.65713808292678e-07
2.62781343128424e-07
2.57332870394243e-07
2.60445751506959e-07
2.64699063040728e-07
2.52474947621111e-07
2.47878848240218e-07
2.45328983375831e-07
2.53184667156318e-07
2.54599065986819e-07
2.56007382555918e-07
2.58499066221566e-07
2.62449904778663e-07
2.60638808552761e-07
2.60817211061524e-07
2.70616724123074e-07
2.76083036128606e-07
2.67167775719932e-07
2.72936519689292e-07
3.14465714122251e-07
3.3606462147139e-07
3.23826474520444e-07
2.98788760677769e-07
3.06238248120659e-07
2.88698985869028e-07
2.97841026559891e-07
2.79217707093418e-07
2.84534410575416e-07
2.89094289450982e-07
2.83346377127563e-07
3.43362585137353e-07
3.38047740153291e-07
3.75437616620342e-07
3.61366409548896e-07
4.09808994348889e-07
3.87840191354466e-07
4.02882892384412e-07
4.45503590932124e-07
4.30013869005593e-07
4.65767809139785e-07
2.68878501741174e-07
2.7571461445276e-07
2.67946404645801e-07
2.64390526306434e-07
2.71823020730212e-07
2.66888125657509e-07
2.68060453882547e-07
2.74267560540387e-07
2.66172654289122e-07
2.5967494084265e-07
2.57877227027702e-07
2.58877337980929e-07
2.61127419418291e-07
2.6360280364151e-07
2.6944805792678e-07
2.69619280250827e-07
2.69905854206148e-07
2.7876265033583e-07
2.87264110511074e-07
2.74563756173356e-07
2.78915458120839e-07
2.93029738812646e-07
2.989128539032e-07
3.19559399699003e-07
3.28780779448223e-07
3.05484642859561e-07
3.14353705966514e-07
2.8356211429007e-07
3.01130288883373e-07
3.08115959524485e-07
2.86848132423012e-07
2.89804448644848e-07
2.98199480836458e-07
2.90602176518778e-07
3.51415963787388e-07
3.36574117913958e-07
3.76178331222963e-07
3.65201480201284e-07
4.30952047350413e-07
4.17247762226435e-07
3.92253744191761e-07
4.04174753114422e-07
4.47463677263033e-07
4.42005847571811e-07
4.65767809139785e-07
2.76509206770415e-07
2.81398975492551e-07
2.72288749032685e-07
2.8079653809605e-07
2.74391002157131e-07
2.81204651188061e-07
2.7779608572725e-07
2.73612524514608e-07
2.67767366627942e-07
2.64558280962527e-07
2.69705572266875e-07
2.7164782556169e-07
2.7911454492331e-07
2.77964100870252e-07
2.84670842384126e-07
2.82154709495407e-07
3.11101782830153e-07
2.93029738812646e-07
3.03686163267292e-07
3.25390083064169e-07
3.16481077524536e-07
3.312976104477e-07
2.94089996919751e-07
3.07370235739916e-07
3.14052595391093e-07
2.95792813682795e-07
3.02674000753549e-07
3.50797259971154e-07
3.42181935678277e-07
3.79465643136115e-07
3.68222691507188e-07
3.59784275061313e-07
4.27183772198153e-07
4.13390374044324e-07
3.91821829233581e-07
4.37496187958835e-07
4.5210262592442e-07
4.65767809139785e-07
2.8986474792222e-07
2.95388294169207e-07
2.84213052998112e-07
2.87834465241021e-07
2.86919511800203e-07
2.86093503426291e-07
2.91972367961587e-07
2.85093404739565e-07
2.789131072258e-07
2.75849806094037e-07
2.77812241371472e-07
2.84056523424985e-07
2.91217149722887e-07
2.8581205699349e-07
2.89924628693099e-07
2.93178322954666e-07
2.98072265563244e-07
3.14242356216551e-07
3.17411860148523e-07
3.01826398185898e-07
3.10425388472467e-07
3.25113067848246e-07
3.34340417523016e-07
2.99886422887374e-07
3.0110611192717e-07
3.16778152256697e-07
3.04940590933266e-07
3.09136490074439e-07
3.44167723020987e-07
3.55434165803046e-07
3.76472690963441e-07
3.68049822766309e-07
4.12560805923275e-07
3.99766161218035e-07
4.19439347283101e-07
4.33347528710761e-07
4.49614377118008e-07
4.65767809139785e-07
2.98938237105367e-07
2.9507196013367e-07
3.03978287633192e-07
2.94474552633943e-07
2.9808876149187e-07
2.9715482269808e-07
3.00204198416401e-07
2.99403753398864e-07
2.87191318858201e-07
2.86362132341163e-07
2.95604474325236e-07
2.94811153879966e-07
3.01273681541285e-07
2.99452054336432e-07
3.00936149488949e-07
3.06015473309929e-07
3.17411860148523e-07
3.2061110918148e-07
3.23840956827571e-07
3.13279829354548e-07
3.21248593401248e-07
3.30326202971251e-07
3.26161559687923e-07
3.0758922804307e-07
3.19186249139462e-07
3.15859869004176e-07
3.48341420373553e-07
3.5855134608322e-07
3.42436935044526e-07
3.80000509497846e-07
3.70680219717396e-07
3.91029248670087e-07
4.07193661218034e-07
4.25626252774954e-07
4.46086785230888e-07
4.65767809139785e-07
3.08659629771553e-07
3.0759797546433e-07
3.15916281500643e-07
3.07363496861856e-07
3.09937213555566e-07
3.05278832965592e-07
3.0693818553503e-07
2.97332997024535e-07
3.02671887323109e-07
3.06906938748822e-07
3.08359241038383e-07
3.09128476271072e-07
3.14090032597605e-07
3.37186776066214e-07
3.30420486031987e-07
3.51484926450889e-07
3.2150469675614e-07
3.29570133674629e-07
3.66772622123847e-07
3.31390177633355e-07
3.18652072465821e-07
3.26966879650864e-07
3.6753266536657e-07
3.55289317849225e-07
3.45859029394335e-07
3.25947094249054e-07
3.86190781675449e-07
3.77958126408854e-07
4.03925678206114e-07
4.1629526301247e-07
4.35716042359924e-07
4.51464603516239e-07
4.65767809139785e-07
3.17022709947576e-07
3.15555882639183e-07
3.21466774837531e-07
3.16305751536482e-07
3.18587497415994e-07
3.15203677296723e-07
3.15889210838121e-07
3.08611630706026e-07
3.15305809284532e-07
3.20290675793674e-07
3.177854294569e-07
3.2210705519416e-07
3.44193535359148e-07
3.38741103574615e-07
3.58252256884899e-07
3.30576377797727e-07
3.41200633120766e-07
3.74799613751217e-07
3.83102560564606e-07
3.37099953687744e-07
3.3291203138235e-07
3.5110001559624e-07
3.59460501266973e-07
3.36851815286627e-07
3.29706222092018e-07
3.96619003192528e-07
3.74299549575382e-07
3.89814788470365e-07
4.12623983101891e-07
4.26356448599698e-07
4.45933776182868e-07
4.65767809139785e-07
3.24760035190113e-07
3.28014976642782e-07
3.27973632730172e-07
3.24338557909563e-07
3.25423877749082e-07
3.21543896016629e-07
3.24608549773469e-07
3.28953749044605e-07
3.2736849994908e-07
3.3413462769623e-07
3.52054717579555e-07
3.60673871434198e-07
3.39396989238362e-07
3.50673382481952e-07
3.8495542114168e-07
3.70328528640392e-07
3.839652701727e-07
4.00926815324114e-07
3.48545632292024e-07
3.58236166514623e-07
3.46613327161889e-07
3.68772597347874e-07
3.80062583024618e-07
3.42256173053618e-07
4.03494519763471e-07
3.91129204727785e-07
4.26099378436337e-07
4.49874323140245e-07
4.65767809139785e-07
3.38109295049825e-07
3.42729573215962e-07
3.40229372648707e-07
3.33958357407204e-07
3.30518134306679e-07
3.34372580250708e-07
3.41262803505429e-07
3.34625565242351e-07
3.36738846783456e-07
3.48306443802164e-07
3.53418184811765e-07
3.63398519796062e-07
3.56605606789442e-07
3.74514666869234e-07
3.95274674821907e-07
3.85744233050603e-07
4.41959996717806e-07
4.20368427435237e-07
4.10414880079272e-07
4.65767809139785e-07
3.52317781652273e-07
3.59444294828298e-07
3.89634018095721e-07
3.74514831282903e-07
3.52315998527467e-07
4.20121605094444e-07
4.08082787589963e-07
4.43687891127136e-07
4.65767809139785e-07
3.51726423430081e-07
3.48881401358551e-07
3.43352540869911e-07
3.43319878477239e-07
3.50276812377421e-07
3.44880171091808e-07
3.61010966829676e-07
3.63178545280288e-07
3.69526634003196e-07
3.68091648721949e-07
3.88111542693711e-07
4.06625306650775e-07
4.06193049777609e-07
4.52134372464234e-07
4.30938658237962e-07
4.19853731132276e-07
4.65767809139785e-07
3.62795969654271e-07
3.64553012030746e-07
3.72105401457012e-07
4.00784657969875e-07
3.84525318522062e-07
3.70743603144689e-07
4.22597246041172e-07
4.13096982144634e-07
4.13515481377971e-07
4.46311135852542e-07
4.65767809139785e-07
3.60833794876138e-07
3.53267191702741e-07
3.5220255559284e-07
3.58835697095355e-07
3.62191241486206e-07
3.71601778836474e-07
3.74365485975336e-07
3.81215296447807e-07
3.78146439855483e-07
3.97405419595774e-07
4.16017622715234e-07
4.22716080640487e-07
4.49879606046713e-07
4.34277210169286e-07
4.65767809139785e-07
3.71566284003254e-07
3.84647849565879e-07
3.97767675586219e-07
3.85756426513245e-07
3.83506608620523e-07
4.18938583935829e-07
4.36182168031185e-07
4.5129104100178e-07
4.65767809139785e-07
3.66220438456753e-07
3.71400198988564e-07
3.62321698647847e-07
3.77659638405137e-07
3.81172858670639e-07
3.89248824357161e-07
3.88101384098141e-07
4.10239420029376e-07
4.03183423792259e-07
4.24246060171741e-07
4.31720219861285e-07
4.46349083188985e-07
4.65767809139785e-07
3.79509917217006e-07
4.00524704781579e-07
3.95890335703754e-07
3.92485740295813e-07
4.15779285623845e-07
4.3138269301177e-07
4.48308319324563e-07
4.65767809139785e-07
3.78967492476458e-07
3.88538724723207e-07
3.92681596349913e-07
4.0195867834432e-07
4.18357205549474e-07
4.14549697245196e-07
4.31358637919746e-07
4.41193724894842e-07
4.65767809139785e-07
3.91822662738173e-07
4.07815445979639e-07
4.06350556211236e-07
4.04950513071789e-07
4.21257017799752e-07
4.45665511309265e-07
4.65767809139785e-07
3.96032733369535e-07
4.06069429503437e-07
4.2069092948076e-07
4.29656070183736e-07
4.46979791548742e-07
4.65767809139785e-07
4.0920042256406e-07
4.1891751399852e-07
4.17666349569212e-07
4.33859268737607e-07
4.50249356961468e-07
4.65767809139785e-07
4.16826863144949e-07
4.34473472472483e-07
4.46981329367919e-07
4.65767809139785e-07
4.25856154153938e-07
4.35378503084724e-07
4.36644871939016e-07
4.65767809139785e-07
4.40132274246056e-07
4.65767809139785e-07
4.46461430980697e-07
4.51099524079536e-07
4.65767809139785e-07
4.65767809139785e-07
4.65767809139785e-07
