2.34097814073403e-08
2.33862418318868e-08
2.33627080871281e-08
2.33862418318868e-08
2.34097814073403e-08
2.34568780701094e-08
2.35511415819153e-08
2.34568780701094e-08
2.35511415819153e-08
2.36454989408003e-08
2.37920880709239e-08
2.38793261540967e-08
2.38217514861935e-08
2.37559478994027e-08
2.37636067128229e-08
2.36987791889505e-08
2.36454989408003e-08
2.39618115605471e-08
2.40027902200308e-08
2.40367870768801e-08
2.39151561598685e-08
2.37872116427819e-08
2.41782195940558e-08
2.43175963539771e-08
2.43362679992333e-08
2.42872899167563e-08
2.41676304059723e-08
2.41514374414398e-08
2.4023873272161e-08
2.41317038703077e-08
2.43678155091064e-08
2.45217702801526e-08
2.44746844195954e-08
2.44337711193087e-08
2.4185587014966e-08
2.40619596856635e-08
2.39291373081256e-08
2.4629313924112e-08
2.47654063135003e-08
2.46639519219749e-08
2.46721209985924e-08
2.4621283706005e-08
2.48733550641598e-08
2.44037750657586e-08
2.46468261889151e-08
2.49555718903799e-08
2.4788342053853e-08
2.50482103824084e-08
2.48856250009829e-08
2.4821766107762e-08
2.44439789141241e-08
2.47280821448746e-08
2.50327392447855e-08
2.46977264003319e-08
2.43958925461348e-08
2.41187047003754e-08
2.52373595107473e-08
2.50929612112722e-08
2.51728287970002e-08
2.50931722212399e-08
2.54307130313945e-08
2.53602830644958e-08
2.48863943780098e-08
2.5196818726866e-08
2.52631412232783e-08
2.52750892209717e-08
2.57508329383769e-08
2.53226482481303e-08
2.54100842493442e-08
2.54973638932743e-08
2.53922449494301e-08
2.50610892624204e-08
2.53509784917304e-08
2.51884468620642e-08
2.48975879142327e-08
2.43086552658205e-08
2.56205565301489e-08
2.55392385568926e-08
2.58001994598748e-08
2.56500980993669e-08
2.57467736693496e-08
2.62489230481131e-08
2.59706054256057e-08
2.53867629397505e-08
2.55171406752469e-08
2.55971951260157e-08
2.5951709379869e-08
2.5839429257232e-08
2.58056399826837e-08
2.57920115162586e-08
2.57776339571133e-08
2.55055179449349e-08
2.59418038591497e-08
2.55284586638008e-08
2.52432699108103e-08
2.47866304212056e-08
2.60202478561402e-08
2.58937422422912e-08
2.61428946390155e-08
2.61109737260414e-08
2.60959624219191e-08
2.65574468037227e-08
2.65441444156235e-08
2.63018362423724e-08
2.62884566025722e-08
2.63090192508436e-08
2.58897463697518e-08
2.60225993089689e-08
2.59417531302546e-08
2.61485006663726e-08
2.61980257829336e-08
2.62407420743904e-08
2.63751051468086e-08
2.61906066292948e-08
2.58562559995859e-08
2.56840031132842e-08
2.5286481513041e-08
2.65734999296133e-08
2.65633486671804e-08
2.63949692611695e-08
2.64483364322284e-08
2.66169532859068e-08
2.6982700368402e-08
2.71893051265073e-08
2.69348855797925e-08
2.69317904008787e-08
2.67186379589431e-08
2.66454292850574e-08
2.67114905365541e-08
2.65018841064988e-08
2.63918164179613e-08
2.67041405990433e-08
2.6603094198932e-08
2.67219480493804e-08
2.69127270671458e-08
2.70784858985802e-08
2.63785020176968e-08
2.60375781805058e-08
2.57889382662049e-08
2.6915026590704e-08
2.6914288139325e-08
2.69257383583477e-08
2.71223844249097e-08
2.74589487996261e-08
2.75429350304027e-08
2.7223637716599e-08
2.72213279265943e-08
2.72700346010378e-08
2.72199728334985e-08
2.6963682572885e-08
2.71148013181588e-08
2.68196051122605e-08
2.69559557727626e-08
2.69987741710636e-08
2.72817107441594e-08
2.71753837894806e-08
2.73748564476589e-08
2.74298825343178e-08
2.6809889727578e-08
2.63962042775635e-08
2.72547783824679e-08
2.71391013152915e-08
2.7502260309764e-08
2.78123075943777e-08
2.79378076380335e-08
2.79028892153206e-08
2.77200305915709e-08
2.76296488127515e-08
2.77876090098366e-08
2.75715081239212e-08
2.76251101566231e-08
2.7522061969331e-08
2.76391628055981e-08
2.76341209441771e-08
2.7512597960275e-08
2.71383570869512e-08
2.74423689732861e-08
2.7611787794271e-08
2.76277258508529e-08
2.77984550601644e-08
2.79702193819928e-08
2.71197508838207e-08
2.70319911809737e-08
2.75359569962912e-08
2.74456664354823e-08
2.81308083707045e-08
2.82009894648185e-08
2.82694299936997e-08
2.81398181878393e-08
2.8389488448906e-08
2.79231991447825e-08
2.80992808061641e-08
2.86430698719325e-08
2.81004735694992e-08
2.79924384108122e-08
2.84052259685162e-08
2.82090199572057e-08
2.80434782241132e-08
2.80150217168082e-08
2.77789994777691e-08
2.80085227602019e-08
2.80311634021681e-08
2.82040535526944e-08
2.82240366053244e-08
2.84191013381314e-08
2.842375092581e-08
2.7757314329365e-08
2.73514367531037e-08
2.79468643116364e-08
2.85548218508224e-08
2.87445835855116e-08
2.87297907528844e-08
2.89154644059103e-08
2.8332981211305e-08
2.84930445091597e-08
2.89154701766574e-08
2.9046531983017e-08
2.84433192933694e-08
2.87865001274926e-08
2.86505650246694e-08
2.84426371275733e-08
2.8436900887235e-08
2.86453818318713e-08
2.86252055817948e-08
2.86911626970771e-08
2.89266741869618e-08
2.89336490235209e-08
2.91900793180997e-08
2.81570568371964e-08
2.76719322940144e-08
2.85282448281881e-08
2.93199860601395e-08
2.93096376333188e-08
2.9158312166349e-08
2.95656435129576e-08
2.88673335010132e-08
2.9287742981351e-08
2.92970412027472e-08
2.88234634616738e-08
2.91276639002262e-08
2.90324669902338e-08
2.89996332666869e-08
2.91156100963482e-08
2.91121351590431e-08
2.91746557815628e-08
2.92097773845972e-08
2.91502812698838e-08
2.93118700611344e-08
2.9494318163119e-08
2.96224195897468e-08
2.96257390027091e-08
2.88053425742194e-08
2.83248053210101e-08
2.90608708056623e-08
2.97799533737823e-08
2.97069574262592e-08
3.00443991790018e-08
2.99538020539774e-08
2.93078123391588e-08
2.97953454396035e-08
2.96849197386883e-08
2.93616185232666e-08
2.94931389914106e-08
2.98574872420952e-08
3.01846645703421e-08
2.94354139523233e-08
2.97158840132803e-08
2.9792006476339e-08
2.96693426756365e-08
2.95411378685481e-08
2.96906658529263e-08
2.9797334750094e-08
2.98579343137914e-08
3.00714421619674e-08
3.00618942441873e-08
3.02786871483581e-08
2.94052408184495e-08
2.89992769468443e-08
2.95862422759931e-08
2.99445612363668e-08
3.03283241548775e-08
3.03095102793269e-08
3.04473139304159e-08
3.00260306768213e-08
3.02323049887701e-08
3.06059252332409e-08
2.98130825632196e-08
3.02362843679706e-08
3.0672273543356e-08
3.00888001111644e-08
3.04766224642541e-08
3.00564464189265e-08
2.98725938256044e-08
3.01618135087898e-08
3.01821093686789e-08
3.05001875506559e-08
3.04749668741242e-08
3.05653246559758e-08
3.06559388920671e-08
3.07925604444656e-08
2.96783680538381e-08
3.02868564619154e-08
3.01081632662038e-08
3.05956829820696e-08
3.07648752752606e-08
3.08236930593723e-08
3.07601243514857e-08
3.04969219031348e-08
3.06878886213352e-08
3.10033086191557e-08
3.04836009589079e-08
3.09126407747181e-08
3.05681736150827e-08
3.08207444248688e-08
3.04998159391825e-08
3.02780881596317e-08
3.05625141129819e-08
3.08606704656919e-08
3.11187490392617e-08
3.10014493986023e-08
3.12723894491068e-08
3.12161194407105e-08
3.03621856229682e-08
3.08586820518666e-08
3.05851551283655e-08
3.08112568307883e-08
3.10254997154436e-08
3.11870139243342e-08
3.13519605370612e-08
3.10034910750135e-08
3.1139972174337e-08
3.13892042368803e-08
3.13445038981321e-08
3.10554350302209e-08
3.13491709756555e-08
3.09087377409141e-08
3.11660947261255e-08
3.18605390467543e-08
3.12016840296801e-08
3.08561941943807e-08
3.08853154198075e-08
3.10192961270999e-08
3.15326520228139e-08
3.18493562494459e-08
3.17238211233771e-08
3.17266048034646e-08
3.19161753954316e-08
3.10508405807679e-08
3.17444480004592e-08
3.1184410154401e-08
3.12612605555892e-08
3.2093146030207e-08
3.14731611066148e-08
3.15685624348334e-08
3.19155751740175e-08
3.17587133428159e-08
3.17459728964053e-08
3.18097525035088e-08
3.20886499974316e-08
3.15394778062651e-08
3.12479972280562e-08
3.25743004031399e-08
3.22104104985003e-08
3.18647767089128e-08
3.15499471352203e-08
3.13261491833924e-08
3.14006087384491e-08
3.20976715105064e-08
3.25100530874983e-08
3.23277595684255e-08
3.19561130376557e-08
3.22224986753914e-08
3.21835403555191e-08
3.21540824379414e-08
3.25031795848847e-08
3.24528540991341e-08
3.16623254033256e-08
3.16780422629251e-08
3.22898490054731e-08
3.19736777522989e-08
3.23295020662689e-08
3.20011866799204e-08
3.21550675446276e-08
3.22421157356135e-08
3.19365865891549e-08
3.16941794736898e-08
3.29395446560607e-08
3.2601505415314e-08
3.22391994140596e-08
3.19356406772805e-08
3.17924885793454e-08
3.18913867784903e-08
3.24807130237072e-08
3.28388798494808e-08
3.28190484262798e-08
3.27500085122405e-08
3.23935104521756e-08
3.26007009711926e-08
3.27565171000289e-08
3.30395957618429e-08
3.31838014591922e-08
3.27661332972197e-08
3.2836332180251e-08
3.23982501918674e-08
3.24286081466194e-08
3.24393015337909e-08
3.31912155061339e-08
3.35562355938784e-08
3.28276055488532e-08
3.33061599272135e-08
3.23759541627082e-08
3.3312995009817e-08
3.29653910844723e-08
3.2601760076725e-08
3.22729754366632e-08
3.236436213307e-08
3.2843774587437e-08
3.30773359128167e-08
3.32811340002696e-08
3.32093041384466e-08
3.32362334806794e-08
3.32620257404371e-08
3.28490878567382e-08
3.30818431291355e-08
3.34799324218213e-08
3.35262986161945e-08
3.37074406446807e-08
3.37988435860034e-08
3.33791125623052e-08
3.31740191558551e-08
3.30147620686427e-08
3.29191070080691e-08
3.29156049019517e-08
3.37184220539379e-08
3.34593438296842e-08
3.37591542094435e-08
3.39430929784456e-08
3.33874188101767e-08
3.36836076433256e-08
3.37051791837291e-08
3.29235346687247e-08
3.33570514452013e-08
3.29993283978231e-08
3.3354796327959e-08
3.3614497652732e-08
3.40755192668793e-08
3.37410751758126e-08
3.36813276961457e-08
3.39958859525792e-08
3.35279547603859e-08
3.40307405844997e-08
3.43505363055213e-08
3.41679031938479e-08
3.42005813099663e-08
3.42231813353937e-08
3.35703959172312e-08
3.33734755210361e-08
3.34372739438728e-08
3.32745753656539e-08
3.39611743598908e-08
3.43408820198243e-08
3.41547674957089e-08
3.39409461435464e-08
3.42161325386106e-08
3.40639334632917e-08
3.3467189192114e-08
3.37304854470781e-08
3.38013745366916e-08
3.41579515289427e-08
3.38785144112108e-08
3.42672103750012e-08
3.47642466195282e-08
3.48826330650622e-08
3.41064952504385e-08
3.48032930748335e-08
3.45761236624254e-08
3.44725176814207e-08
3.42734406339935e-08
3.45785482257459e-08
3.51456745999154e-08
3.445285398481e-08
3.4656390723326e-08
3.5017992792472e-08
3.38751026669839e-08
3.39705734523474e-08
3.44808478733022e-08
3.47407430052465e-08
3.51685120996456e-08
3.45509464035838e-08
3.43668766590527e-08
3.55987409237517e-08
3.45879038095743e-08
3.44626625634528e-08
3.46629779970173e-08
3.45120248915697e-08
3.40187899077922e-08
3.45376720025889e-08
3.46169617199268e-08
3.4959824031105e-08
3.53285455906969e-08
3.53117328685412e-08
3.49320626597528e-08
3.5136967182761e-08
3.53163184412705e-08
3.50500940442778e-08
3.49201534119053e-08
3.51302163535949e-08
3.54234302642806e-08
3.57182543873229e-08
3.55430910890668e-08
3.49279168971402e-08
3.5086712757403e-08
3.55194575874864e-08
3.44598833774952e-08
3.50841397199363e-08
3.51858522314972e-08
3.48513631758208e-08
3.58240785407112e-08
3.60306815058737e-08
3.50053064205186e-08
3.52977891009449e-08
3.48766868885767e-08
3.51412923852837e-08
3.53807417358446e-08
3.53482678312153e-08
3.56676232305355e-08
3.58838864885812e-08
3.57425298320035e-08
3.56393677560793e-08
3.55070985987098e-08
3.59123089195954e-08
3.55654735239703e-08
3.62687491789745e-08
3.56235421627841e-08
3.59441779246352e-08
3.61432209817504e-08
3.61288459143021e-08
3.54475250366376e-08
3.59573983941024e-08
3.6540297097142e-08
3.52061932536747e-08
3.56287025240807e-08
3.55420171098491e-08
3.60498860617438e-08
3.62551235762569e-08
3.64643561160066e-08
3.57486315819867e-08
3.58248974190293e-08
3.55145503103218e-08
3.57626324139939e-08
3.59365280343422e-08
3.61971948564621e-08
3.64544859979327e-08
3.66093035738994e-08
3.70453256582833e-08
3.60388755368468e-08
3.59690838696526e-08
3.6473458400444e-08
3.68414944712854e-08
3.67842581328322e-08
3.65874314676056e-08
3.67655026528699e-08
3.63521653727186e-08
3.73558587901838e-08
3.71276783329212e-08
3.68294081730943e-08
3.6694394129587e-08
3.70332282698996e-08
3.62655387876729e-08
3.71242277702228e-08
3.61214452490643e-08
3.63007530232845e-08
3.6638030474301e-08
3.69078944119496e-08
3.73369988068042e-08
3.63178415362784e-08
3.63972741933609e-08
3.63659957772842e-08
3.62433078132687e-08
3.74831355403663e-08
3.67294431320873e-08
3.65074233496724e-08
3.7056493658866e-08
3.66868733127389e-08
3.71374073770612e-08
3.76945614823827e-08
3.73002009691377e-08
3.71182593377215e-08
3.79255216577851e-08
3.73795781183707e-08
3.7541553831575e-08
3.77014858432023e-08
3.72673173293435e-08
3.75862495665044e-08
3.77791941756614e-08
3.70154538922971e-08
3.72239612089881e-08
3.77821487269759e-08
3.77915719412416e-08
3.82372122560907e-08
3.69464630654764e-08
3.69814171704944e-08
3.69943629412045e-08
3.79399395290516e-08
3.83893237766185e-08
3.70695936243184e-08
3.72830221518077e-08
3.76297576300485e-08
3.74805224902425e-08
3.77405595551421e-08
3.82593697388998e-08
3.81731576351845e-08
3.84172147800795e-08
3.77145186588295e-08
3.79941266072636e-08
3.8460203936604e-08
3.81614482379631e-08
3.84479177872923e-08
3.81519146797917e-08
3.83247181085699e-08
3.80948893169352e-08
3.78026250670844e-08
3.82550520896703e-08
3.82330393673295e-08
3.86941880694707e-08
3.9153102207532e-08
3.77245272659686e-08
3.7841073823875e-08
3.76656236752767e-08
3.88469427774482e-08
3.82377887293666e-08
3.86215542367058e-08
3.78687544991361e-08
3.81314497752338e-08
3.85498570539633e-08
3.84734634124478e-08
3.87210067245199e-08
3.92044152172923e-08
3.8618551007091e-08
3.86396851972723e-08
3.89799949880227e-08
3.85587914763902e-08
3.90293588642411e-08
3.86316808726536e-08
3.90413732596948e-08
3.86183718030317e-08
3.86880310927753e-08
3.85782401557352e-08
3.87017092867044e-08
3.91451068392414e-08
3.96139812722986e-08
4.007685244405e-08
3.82161833975951e-08
3.86343821825616e-08
3.83747333942092e-08
3.930650890709e-08
3.9081008289715e-08
3.86055890730443e-08
3.88559787171987e-08
3.88139744804261e-08
3.97680489584399e-08
4.02315903083364e-08
3.90898133328319e-08
3.89961509687166e-08
3.91956857459518e-08
3.96954413066438e-08
3.90844648855604e-08
3.90862378118108e-08
3.94777409055554e-08
3.95870692982907e-08
3.94983095736228e-08
3.95691284592938e-08
3.90849307242644e-08
3.92375262757727e-08
3.91761376313692e-08
3.96189397083585e-08
3.96247555413872e-08
4.05417434985983e-08
4.03110389174973e-08
3.94983171096776e-08
3.90703968926214e-08
3.90372037144995e-08
3.95551642437579e-08
3.977266695511e-08
3.94030661008847e-08
3.94215692745197e-08
4.0246521472292e-08
4.06971609350548e-08
4.11647894364697e-08
3.98679964875827e-08
3.9616754455278e-08
4.00282749588939e-08
4.03938861807794e-08
4.01060421052785e-08
4.05283128549081e-08
3.9719891639982e-08
4.00549580900118e-08
4.00800251203374e-08
4.02697768729472e-08
4.02314415600649e-08
3.98227759103453e-08
3.99950267105292e-08
4.00271716391497e-08
4.10086828252241e-08
4.07765831976841e-08
4.05457426787915e-08
4.02085064746854e-08
3.97045882098629e-08
4.02296313890674e-08
4.01222207121503e-08
4.06600068115768e-08
4.02220907530757e-08
3.97780834627808e-08
4.0699981917415e-08
4.11535080998617e-08
4.06222259865368e-08
4.16400835657791e-08
4.04126256901181e-08
4.07534560547727e-08
4.10289865455838e-08
4.09140399519455e-08
4.11997632984195e-08
4.03177939378084e-08
4.06300499842826e-08
4.09537820138333e-08
4.10026589493028e-08
4.14783777870514e-08
4.05873180707749e-08
4.05499808171111e-08
4.14795441273984e-08
4.11009028227684e-08
4.09938741296841e-08
4.11972468639287e-08
4.05053211849236e-08
4.12761824456091e-08
4.08370655863587e-08
4.11844124138622e-08
4.16409444687694e-08
4.12103795796692e-08
4.11710557699895e-08
4.21266609529654e-08
4.11844567228574e-08
4.13959602099269e-08
4.16315567253441e-08
4.15506614322711e-08
4.19071748179514e-08
4.15878504905551e-08
4.21196281937122e-08
4.09967019063716e-08
4.15408774004998e-08
4.13882412329334e-08
4.17218720041522e-08
4.19642239854763e-08
4.2117474018485e-08
4.12740067350303e-08
4.14809120948091e-08
4.19861590103714e-08
4.17262333785604e-08
4.18130570930948e-08
4.14581271166277e-08
4.18035518234534e-08
4.21385335530716e-08
4.16419541943113e-08
4.20148116550357e-08
4.22712086412519e-08
4.17718660344102e-08
4.31064920472212e-08
4.29170191853363e-08
4.18775800631111e-08
4.20353641198589e-08
4.21804398911046e-08
4.35998109977988e-08
4.25586446886654e-08
4.23667282917425e-08
4.25006664487896e-08
4.27839186349237e-08
4.23856647950155e-08
4.18795673044564e-08
4.19941388182277e-08
4.23035212767132e-08
4.29835575487052e-08
4.29425606938268e-08
4.27580537500808e-08
4.25574367433035e-08
4.34351159536669e-08
4.39299735680153e-08
4.2063239969254e-08
4.24328386385436e-08
4.25991614000847e-08
4.25038188460519e-08
4.27409948692238e-08
4.2008727172456e-08
4.27506617448557e-08
4.23146224693736e-08
4.26141376197237e-08
4.26415110400012e-08
4.35972310686747e-08
4.32168272364688e-08
4.2533785508454e-08
4.27575847964063e-08
4.30901959385249e-08
4.42487240839934e-08
4.41000004611139e-08
4.31110114979473e-08
4.33975061584718e-08
4.30626835209084e-08
4.33921407894624e-08
4.26058726404937e-08
4.29967428572553e-08
4.36361530846464e-08
4.332363403942e-08
4.35966762463489e-08
4.34328086117173e-08
4.31202366128608e-08
4.49732240978489e-08
4.39412690857926e-08
4.44433813771936e-08
4.28405870343687e-08
4.32712521738297e-08
4.34759561228575e-08
4.34668742697445e-08
4.3084193869758e-08
4.32313669804367e-08
4.39771722048021e-08
4.35942052589084e-08
4.33515251474972e-08
4.38136970947949e-08
4.46128146780975e-08
4.49426683132876e-08
4.51504038942814e-08
4.56985932652662e-08
4.37566495839794e-08
4.39750534682681e-08
4.36851640607813e-08
4.40759085101363e-08
4.39591885917394e-08
4.3653339465278e-08
4.39711981952221e-08
4.42251263320158e-08
4.395352344767e-08
4.43324292536845e-08
4.55154668000932e-08
4.39070045975935e-08
4.34301024917698e-08
4.49553670816536e-08
4.44389808689631e-08
4.39012199681828e-08
4.60726665031947e-08
4.40382858505839e-08
4.38332612232081e-08
4.38360502424768e-08
4.42489239139114e-08
4.45263930005379e-08
4.4349649609141e-08
4.49333754873244e-08
4.52672488846097e-08
4.56923842925783e-08
4.56851024859425e-08
4.62618027418944e-08
4.62722270865731e-08
4.43921464598842e-08
4.47020406652943e-08
4.4630855644396e-08
4.46060678667928e-08
4.45295581936447e-08
4.4916449513146e-08
4.49336734091758e-08
4.49963837634758e-08
4.49826869359201e-08
4.55095298294303e-08
4.42859687088174e-08
4.49832555894538e-08
4.4541106093444e-08
4.49911491574626e-08
4.63514402896257e-08
4.66489902007151e-08
4.47349320375125e-08
4.44154869803855e-08
4.44762808234605e-08
4.51516797019602e-08
4.50533553550141e-08
4.50099612312638e-08
4.54350264303284e-08
4.62332160231236e-08
4.63357281376132e-08
4.68442008002926e-08
4.68354557901711e-08
4.55106125632023e-08
4.52700554728358e-08
4.60007294879291e-08
4.54928623271884e-08
4.57422219712223e-08
4.53664454891485e-08
4.55673117860158e-08
4.5928182446269e-08
4.59539447494026e-08
4.55025670044458e-08
4.54328813072682e-08
4.66382875958508e-08
4.59353604544132e-08
4.69375719262886e-08
4.72355962430508e-08
4.78251505297702e-08
4.56054718886691e-08
4.51213998862996e-08
4.55469002975237e-08
4.56861890708915e-08
4.5734124440975e-08
4.65015930422238e-08
4.64803671198398e-08
4.69955250143142e-08
4.74317844740803e-08
4.74094669196611e-08
4.74401983067894e-08
4.68242102748825e-08
4.62118113387543e-08
4.67486059627747e-08
4.66152043451217e-08
4.64944141611513e-08
4.61043644953188e-08
4.61986501846518e-08
4.64363961307047e-08
4.65956575401414e-08
4.73335152980471e-08
4.66275917505556e-08
4.68363843065218e-08
4.78155461855594e-08
4.84176997477449e-08
4.63656750919154e-08
4.63187661842889e-08
4.66660305474548e-08
4.7025624869815e-08
4.69542709258155e-08
4.7277104975161e-08
4.73897101475637e-08
4.74516448085685e-08
4.8000879763863e-08
4.80223318267068e-08
4.80124585945784e-08
4.86003165308125e-08
4.79007061248856e-08
4.74936384300492e-08
4.71060300848669e-08
4.75947942654047e-08
4.71790913308777e-08
4.72804214741255e-08
4.69485816502697e-08
4.71452505542248e-08
4.78042826629342e-08
4.75260662811984e-08
4.85712856438617e-08
4.90197087024533e-08
4.96420102051657e-08
4.73135175293133e-08
4.73537963961773e-08
4.76648927325438e-08
4.79840975262595e-08
4.80078143448467e-08
4.82416876704829e-08
4.90207946876077e-08
4.86197117277226e-08
4.94402944881233e-08
4.9222693434758e-08
4.87611549816888e-08
4.83073722525778e-08
4.84513328345686e-08
4.76755236649679e-08
4.76083472551812e-08
4.80560355575294e-08
4.78982880864207e-08
4.75820802273947e-08
4.85039026680602e-08
4.85605797869604e-08
4.91801743230602e-08
4.94802985811747e-08
4.99416541229598e-08
5.0259673794342e-08
4.80487900889287e-08
4.85153747540165e-08
4.84289875119514e-08
4.89715666418584e-08
4.88177236877023e-08
5.05441106226403e-08
5.00609743493955e-08
4.87649044347951e-08
4.96145663245244e-08
4.92264009885262e-08
4.98475371596282e-08
5.045388290805e-08
4.95423699522555e-08
4.94832861893437e-08
4.89695977537492e-08
4.93648337791319e-08
4.86526741332721e-08
4.83043368542449e-08
4.93579348391679e-08
4.86313502209875e-08
4.86329823150079e-08
4.86645664342388e-08
4.97346726729721e-08
4.93407581398835e-08
5.03722331300259e-08
5.02420650753533e-08
5.05625652759803e-08
5.0880615248192e-08
4.9180897541549e-08
4.96273414961744e-08
4.98672866796629e-08
5.12499071765484e-08
5.08048778876113e-08
5.08514945474415e-08
4.98623325745032e-08
4.99849802575693e-08
5.10883335031195e-08
5.17315785562305e-08
5.05969460013001e-08
5.03427483700826e-08
4.98568393829102e-08
5.04662987222831e-08
4.91607297059096e-08
4.97996615801298e-08
4.92218775947291e-08
4.95449148731851e-08
5.01444462759341e-08
5.01306972952264e-08
5.06088691638842e-08
5.089986189099e-08
5.09770423205092e-08
5.14902132442257e-08
5.1504888933109e-08
5.03056405958835e-08
5.09052972623936e-08
5.21581268084695e-08
5.16765818016917e-08
5.18483407798758e-08
5.08651214136626e-08
5.08505029065802e-08
5.23425339685336e-08
5.28762792838587e-08
5.1285357619951e-08
5.08841035253342e-08
5.1338266248954e-08
5.07215887929315e-08
5.09748805999104e-08
5.12389051827729e-08
5.03343448985374e-08
5.02671561344828e-08
5.0868215285897e-08
5.10618178720127e-08
5.1393877135826e-08
5.12127436985743e-08
5.14730031201767e-08
5.17409128955203e-08
5.19884359307897e-08
5.22403415046416e-08
5.21325506460411e-08
5.13466324184938e-08
5.16532108554355e-08
5.29389653360742e-08
5.24968619577473e-08
5.22157092837592e-08
5.17519920522961e-08
5.35357971809339e-08
5.36105949458903e-08
5.37622227138931e-08
5.17739171648448e-08
5.23848037160846e-08
5.20387111933973e-08
5.17308359269201e-08
5.2105483548176e-08
5.13588144819425e-08
5.1580860899688e-08
5.19067304870391e-08
5.22055706472512e-08
5.19527371377634e-08
5.25005843115343e-08
5.23643097203252e-08
5.27418319335335e-08
5.3179060539967e-08
5.33982688098821e-08
5.25275415574418e-08
5.22687312555815e-08
5.25778251067656e-08
5.34577215103554e-08
5.31273439839015e-08
5.27589396727694e-08
5.42542015571929e-08
5.49068199130181e-08
5.42040916738256e-08
5.46882760267564e-08
5.29108895126417e-08
5.31682111544078e-08
5.27643316035804e-08
5.26811309389256e-08
5.28737351779464e-08
5.33853497159331e-08
5.24064249652457e-08
5.253764442226e-08
5.27254506631856e-08
5.352378272447e-08
5.32172918624255e-08
5.32407176693692e-08
5.3196954458605e-08
5.37941125783033e-08
5.44979042461036e-08
5.46865625049825e-08
5.35328748673074e-08
5.33027241246766e-08
5.33124072115336e-08
5.3960252354502e-08
5.37149727823122e-08
5.55701401647382e-08
5.55500420467315e-08
5.4944651682758e-08
5.55264743169877e-08
5.40911141285242e-08
5.39894187409299e-08
5.3637738172197e-08
5.35964580108567e-08
5.41547478425184e-08
5.30422561862285e-08
5.37088960969928e-08
5.45831321144413e-08
5.39207808355808e-08
5.39978002661436e-08
5.39441159170048e-08
5.48011787799298e-08
5.53350367425849e-08
5.60145022131891e-08
5.46805315306223e-08
5.41117393991979e-08
5.45846523531323e-08
5.44839860928962e-08
5.53743680590982e-08
5.62373354827155e-08
5.65597436528816e-08
5.63577119751983e-08
5.59565574427762e-08
5.64510450986544e-08
5.4979961034706e-08
5.48082735177902e-08
5.46704261992624e-08
5.55844911659222e-08
5.45578332555927e-08
5.50522063585989e-08
5.43336831457544e-08
5.54052554218169e-08
5.47577642269262e-08
5.48432236255242e-08
5.4759499841984e-08
5.48145078315721e-08
5.54897144394054e-08
5.66843195555264e-08
5.58299003180356e-08
5.63345519580871e-08
5.55390239109441e-08
5.52369517750102e-08
5.54894824851795e-08
5.62337774135038e-08
5.69086167964984e-08
5.76098698314639e-08
5.72080542958008e-08
5.67112778648151e-08
5.73233509687822e-08
5.60581803260975e-08
5.65236455744344e-08
5.57822537888679e-08
5.57159444342512e-08
5.61612171991648e-08
5.69601218891519e-08
5.54814721686826e-08
5.60956176995875e-08
5.60792348984431e-08
5.57692992034846e-08
5.60549009531824e-08
5.73730916054793e-08
5.80848608229101e-08
5.60957323593167e-08
5.65163891292757e-08
5.6791180311987e-08
5.70116464962254e-08
5.66555074549163e-08
5.62718403271101e-08
5.64284158199199e-08
5.70660080705251e-08
5.61580484885658e-08
5.66346986040343e-08
5.83245692752223e-08
5.78741403075066e-08
5.77760863989601e-08
5.78161694472362e-08
5.82701221779828e-08
5.70723807985008e-08
5.74184520403343e-08
5.68881168774134e-08
5.69272757298397e-08
5.80343000284447e-08
5.78114961485955e-08
5.66564191799391e-08
5.68554441094732e-08
5.88138463343508e-08
5.67954604599685e-08
5.75458961748233e-08
5.80606669360845e-08
5.73339909280167e-08
5.73753256570513e-08
5.74710780886479e-08
5.68282090073672e-08
5.73707901283015e-08
5.7914414502434e-08
5.7555398274836e-08
5.87534986380466e-08
5.86777463275751e-08
5.90592390729313e-08
5.84275568581679e-08
5.89861168138826e-08
5.91748961380408e-08
5.84417037458724e-08
5.81595440477173e-08
5.87598905800103e-08
5.7892387654399e-08
5.77064458665816e-08
5.88408574469198e-08
5.8583575127753e-08
5.78794085386454e-08
5.8557741604446e-08
5.91658597774292e-08
5.95620660402001e-08
5.81440833209009e-08
5.85161944411952e-08
5.86334292270835e-08
5.83354500713655e-08
5.80322973064004e-08
5.82414484716357e-08
5.81240475043895e-08
5.92663035781097e-08
5.97894155290132e-08
5.87070075815677e-08
5.95654887352768e-08
5.96298263868968e-08
6.05759139318871e-08
5.98361786786223e-08
6.13489502053736e-08
6.03424542690602e-08
6.09511722835917e-08
5.96847789579051e-08
5.96108675978634e-08
6.00604192750329e-08
5.89359159661319e-08
5.99157870236305e-08
5.9603967630655e-08
5.91737905852559e-08
5.94564447256868e-08
5.94734416346385e-08
5.95255720165667e-08
5.99264042714399e-08
6.03216522933732e-08
6.10860569837928e-08
5.90622832607468e-08
5.92284813019475e-08
6.00896490943768e-08
6.00599253419507e-08
5.92650723979326e-08
6.03008757306926e-08
5.96532184606784e-08
6.05420857024354e-08
5.99255776638658e-08
6.05689488202186e-08
6.06913091712249e-08
6.17321617851311e-08
6.21549691943599e-08
6.15716186288122e-08
6.1935779274591e-08
6.15030140821354e-08
6.06007720532142e-08
6.09095126804131e-08
6.12017691613257e-08
6.01535804841437e-08
6.06243845056473e-08
6.00988439152081e-08
6.03715974031176e-08
6.18857157816607e-08
6.1057080353927e-08
6.01096817342606e-08
6.10231038183485e-08
6.09314708157373e-08
6.1376629522254e-08
6.11661704045228e-08
6.0638749712785e-08
6.13587752003024e-08
6.1430574026236e-08
6.37829199362401e-08
6.15439199516683e-08
6.29438655642573e-08
6.28954639211316e-08
6.28203799365427e-08
6.23765897253513e-08
6.15551066208629e-08
6.23211619641085e-08
6.23862820650031e-08
6.20614397901604e-08
6.13261073289973e-08
6.11331814219734e-08
6.16342434749393e-08
6.26952362398733e-08
6.22692884247655e-08
6.30845213701319e-08
6.1932666379411e-08
6.15376684380072e-08
6.19846437605411e-08
6.22276385344562e-08
6.23227952826181e-08
6.20718840719915e-08
6.22785144061382e-08
6.2777102280753e-08
6.46110776346552e-08
6.41749165149852e-08
6.32526394526711e-08
6.39435404741899e-08
6.54743147966717e-08
6.37418004507649e-08
6.36251147844751e-08
6.3495063167153e-08
6.33688709731359e-08
6.30713228367271e-08
6.3416790699336e-08
6.31084473782525e-08
6.24778512173771e-08
6.27775580379401e-08
6.35100954524929e-08
6.38161971640548e-08
6.27645105314485e-08
6.30905737307208e-08
6.30643884912338e-08
6.31752702964936e-08
6.37947867720405e-08
6.38286826945263e-08
6.50206674635456e-08
6.4570003130107e-08
6.50094899874175e-08
6.47923008439741e-08
6.63443281590838e-08
6.72845820661912e-08
6.45396451730965e-08
6.44743998115096e-08
6.46892737931866e-08
6.4219532369923e-08
6.45326484310493e-08
6.49709343144832e-08
6.40124918874559e-08
6.42187912937699e-08
6.35230469635534e-08
6.3389719322185e-08
6.3904283168621e-08
6.51857503365509e-08
6.4976176141201e-08
6.44621038494896e-08
6.39187328528289e-08
6.39439798103185e-08
6.45240673993731e-08
6.42954472596807e-08
6.60696594042313e-08
6.69797860800606e-08
6.5304241404371e-08
6.58977580521935e-08
6.58614724373698e-08
6.55271213756829e-08
6.70373639774982e-08
6.7720149820503e-08
6.82033011541514e-08
6.56086908436753e-08
6.5505645896444e-08
6.61255753127914e-08
6.54641777943447e-08
6.54772528564303e-08
6.49886897446819e-08
6.58894828947708e-08
6.5508918648141e-08
6.57236194356559e-08
6.48832855386633e-08
6.50653927930628e-08
6.57298940550081e-08
6.60301492935283e-08
6.54468880794972e-08
6.49103359594935e-08
6.5643309529086e-08
6.6887119146459e-08
6.69765200948628e-08
6.88194409611051e-08
6.69988426722578e-08
6.70172535272391e-08
6.65859314199119e-08
6.81464923759969e-08
6.86366187778721e-08
6.91286246316535e-08
6.77248730110718e-08
6.74811547429762e-08
6.75562133193714e-08
6.64385198930821e-08
6.64707881603131e-08
6.63200671819574e-08
6.64636300189134e-08
6.67266636607221e-08
6.59557720460419e-08
6.61516312638086e-08
6.68165753749417e-08
6.68850460416404e-08
6.59838247512143e-08
6.80069391115301e-08
6.68195496068282e-08
6.78518906290937e-08
6.87639721350069e-08
6.97492461660377e-08
6.76190889186451e-08
6.82446466740287e-08
6.79893848617192e-08
6.92363467291274e-08
7.00171035392072e-08
7.00636012383468e-08
6.92458248639857e-08
6.85108979659975e-08
6.88820132180871e-08
6.76245974456708e-08
6.74612829193211e-08
6.76284743215846e-08
6.78995962623658e-08
6.7951031646214e-08
6.74176973142643e-08
6.8646762604452e-08
6.91334057766534e-08
7.071381015179e-08
6.87344406584688e-08
6.75447896496636e-08
6.7968219790062e-08
6.87882339837125e-08
6.97049535789353e-08
6.84309586993263e-08
6.86876167931734e-08
6.95051150291582e-08
6.9757307981145e-08
6.99635679152301e-08
7.09194330273719e-08
7.10336774923485e-08
7.10401240777224e-08
7.19878084198037e-08
7.02810779694241e-08
7.02122541943079e-08
6.89649374908838e-08
6.90907038231186e-08
6.88128164221978e-08
6.94473426958306e-08
6.9216835621652e-08
7.0138123182364e-08
6.99832045209421e-08
7.11716001147559e-08
7.17059228582234e-08
6.9871963174211e-08
6.96530243033915e-08
7.04529487554427e-08
7.1501553323194e-08
6.99393123603863e-08
7.01192115406451e-08
7.08248693272965e-08
7.08327424347211e-08
7.13713245539294e-08
7.21498720872312e-08
7.3051427762285e-08
7.31302476805437e-08
7.17080348070324e-08
7.16253679718154e-08
7.02506762224813e-08
7.03368943158137e-08
7.0329258525258e-08
7.07148524846529e-08
7.11815407210072e-08
7.13412760334139e-08
7.16391725715827e-08
7.21816895676311e-08
7.2713766148797e-08
7.16752860682396e-08
7.21632534306971e-08
7.27853861350259e-08
7.26735000994901e-08
7.1394867322381e-08
7.14565162072248e-08
7.22950880654462e-08
7.50958511676599e-08
7.21328656905154e-08
7.29156472747689e-08
7.40125399453511e-08
7.49175378686288e-08
7.29446095692551e-08
7.2984657763731e-08
7.14555936198425e-08
7.15401727339988e-08
7.17156371665338e-08
7.19384545484567e-08
7.245743936311e-08
7.28853848732699e-08
7.30033163796235e-08
7.36925255566311e-08
7.47528834406537e-08
7.32204859012666e-08
7.40648603159646e-08
7.40193898094809e-08
7.27059608173199e-08
7.35090033994504e-08
7.32625478004101e-08
7.36040827389768e-08
7.61302322599922e-08
7.37395133208353e-08
7.44843931327464e-08
7.49595610109237e-08
7.60742505341251e-08
7.41969110712154e-08
7.48190844929939e-08
7.3479672115924e-08
7.2797684939351e-08
7.29322869870401e-08
7.31738149267098e-08
7.39492497833619e-08
7.57845184788819e-08
7.68244562229685e-08
7.47406249066959e-08
7.43675360542753e-08
7.57290499788002e-08
7.54520279019217e-08
7.45988747853408e-08
7.54468856513014e-08
7.42200184160159e-08
7.48421931006547e-08
7.47446057974414e-08
7.717501611906e-08
7.49312534026685e-08
7.5517819267242e-08
7.60086228816387e-08
7.68420760923511e-08
7.74490032534531e-08
7.58368077499607e-08
7.63297585926935e-08
7.46917191963798e-08
7.43951302714774e-08
7.41051247057422e-08
7.53780395290624e-08
7.68133031421323e-08
7.89652249515589e-08
7.66830202843538e-08
7.56640236282237e-08
7.6700643859224e-08
7.66707908060082e-08
7.66066294510342e-08
7.57157440768327e-08
7.64199340865196e-08
7.62676035078552e-08
7.64543716300214e-08
7.93262631981522e-08
7.8860233323475e-08
7.62339191779721e-08
7.72920701641858e-08
7.81506577343936e-08
7.72974730247403e-08
7.71171746587203e-08
7.78379299949627e-08
7.5958623705475e-08
7.61301389702498e-08
7.758247644703e-08
7.78247211483331e-08
7.88927925799351e-08
8.0051401511673e-08
7.77933654996926e-08
7.79575210370796e-08
7.74554188446363e-08
7.78728134851751e-08
8.11468904322409e-08
7.66730109354562e-08
7.77670986591587e-08
7.80355217178226e-08
7.8581238108578e-08
8.04155183888067e-08
8.03517918395243e-08
7.94767683743542e-08
7.82302476757831e-08
7.86322830132718e-08
7.85544734414238e-08
7.92435435400646e-08
7.97973292624167e-08
8.15141630753189e-08
7.7559580329299e-08
7.828091405178e-08
7.87173751704137e-08
8.07658303178785e-08
8.22519261640364e-08
7.89128007178052e-08
7.99882639737084e-08
7.90921919207394e-08
7.87488332843094e-08
7.99142523311487e-08
8.16535149472478e-08
7.8596975013548e-08
7.93129923220321e-08
7.95846545503844e-08
8.04831606199988e-08
8.14986363894697e-08
8.13848922242989e-08
8.25536411641187e-08
8.02770902173584e-08
8.05314999614481e-08
8.04441687327932e-08
8.03744399746339e-08
8.12026298922791e-08
8.37653653684496e-08
7.99842861002913e-08
7.96354289276474e-08
8.0637604852011e-08
8.22502344912226e-08
8.17535180572695e-08
8.33846145502949e-08
8.45303163662319e-08
8.27783422841265e-08
8.08350226348817e-08
8.07290702288922e-08
8.06776062274198e-08
8.21621789404415e-08
8.05599105932284e-08
8.08367034261821e-08
8.15330755792741e-08
8.17893062390071e-08
8.24512503496681e-08
8.36848850135683e-08
8.37054680539362e-08
8.246815751642e-08
8.20029777346682e-08
8.19269779195767e-08
8.27637238683237e-08
8.34664527852255e-08
8.49145366172412e-08
8.15395050569449e-08
8.20631700024762e-08
8.30158246997755e-08
8.19273793474911e-08
8.33472251293864e-08
8.36511527251282e-08
8.56865178438507e-08
8.44583571981902e-08
8.34905473823155e-08
8.20714856410777e-08
8.21700159733646e-08
8.28483442584638e-08
8.30474624220227e-08
8.38678424084465e-08
8.43418099809949e-08
8.48418912342653e-08
8.47567419071986e-08
8.40613653219425e-08
8.40189366529918e-08
8.52594719027662e-08
8.60742997354292e-08
8.65778613577877e-08
8.84465569559443e-08
8.42936580552883e-08
8.37599833103765e-08
8.44659617808868e-08
8.3322236359274e-08
8.47131477952481e-08
8.51346139064216e-08
8.58716247845184e-08
8.68534994674683e-08
8.62264245393508e-08
8.54400201997227e-08
8.43740115623933e-08
8.44219691627038e-08
8.36232643920457e-08
8.45454654214751e-08
8.56701804167762e-08
8.52875589201361e-08
8.59075286608839e-08
8.63238645661503e-08
8.62466000502099e-08
8.57768186916655e-08
8.55380136208532e-08
8.69074381783165e-08
8.77129450261982e-08
8.90076492593104e-08
8.75169528562265e-08
8.96615477861589e-08
8.61598184336934e-08
8.64965402517164e-08
8.59849517339193e-08
8.5258083604142e-08
8.65677219769246e-08
8.69753178537922e-08
8.80441738767177e-08
8.74015803204244e-08
8.68105960320018e-08
8.67248173648424e-08
8.60757367074587e-08
8.7137581331649e-08
8.60916346155921e-08
8.70521973832796e-08
8.74740259677326e-08
8.87358252569333e-08
8.74326613552383e-08
8.71099157417497e-08
8.84469361132894e-08
8.88035258123381e-08
9.02230538440751e-08
8.87785351682883e-08
9.09240426639628e-08
9.00341662312531e-08
8.89315746873787e-08
8.76779548609539e-08
8.75892174728629e-08
8.79453549292869e-08
8.73368003959958e-08
8.82809523868576e-08
8.91925470940796e-08
9.04916989349414e-08
9.18076204148137e-08
8.83101806657932e-08
8.82518837459602e-08
9.01769591695475e-08
8.86474341022967e-08
8.8551337074449e-08
8.91629321919794e-08
8.94728852361161e-08
9.02048652429779e-08
8.95069871098344e-08
9.17740213559956e-08
9.02377838885061e-08
9.03394572537661e-08
9.36230449292382e-08
9.14615987455045e-08
9.14736270400815e-08
9.03934833900478e-08
9.19975055532766e-08
9.31668490257929e-08
8.88000925918676e-08
8.91899275213434e-08
8.92151193153719e-08
8.97445977604115e-08
8.93917265014539e-08
9.17125455630055e-08
9.3784192990994e-08
8.99129005523377e-08
9.16011226075905e-08
9.04104893015533e-08
9.06080014839846e-08
9.0520719535599e-08
9.10350225398842e-08
9.3422083443528e-08
9.14282720039719e-08
9.13838600296139e-08
9.24773714878411e-08
9.50012075077238e-08
9.27392794139838e-08
9.33492852757493e-08
9.20750621977449e-08
9.34367614053565e-08
9.45402083995453e-08
9.51768926361379e-08
9.44044466558768e-08
9.13346463824506e-08
9.04402795221845e-08
9.10582734894914e-08
9.0721543256135e-08
9.17242871000607e-08
9.27522277438745e-08
9.24707534356335e-08
9.50398047878971e-08
9.22298189736359e-08
9.21542859378459e-08
9.24597413814189e-08
9.31752015965033e-08
9.48928963821847e-08
9.33914202220224e-08
9.42541482174679e-08
9.64081258260164e-08
9.62938120462639e-08
9.4399015873088e-08
9.44270302923073e-08
9.52717056975629e-08
9.38538777684041e-08
9.50277737197804e-08
9.73080229420091e-08
9.5933363268413e-08
9.64229915695289e-08
9.28826320828229e-08
9.30759107118484e-08
9.32447459833633e-08
9.42896850319146e-08
9.44107446665011e-08
9.71506392540021e-08
9.51280481514789e-08
9.43406591539161e-08
9.46504988156904e-08
9.47985432387894e-08
9.61114024120887e-08
9.55609928927189e-08
9.7882207086151e-08
9.77673301557626e-08
9.93991903453634e-08
9.68012797346226e-08
9.67130482359303e-08
9.66152951777428e-08
9.63569764656433e-08
9.67515067791808e-08
9.79599352297178e-08
9.85955685840362e-08
9.88916477801494e-08
9.84926769939774e-08
9.56150413916974e-08
9.56296401169459e-08
9.73700100878037e-08
9.7166922841227e-08
9.87313114628146e-08
9.64132348870954e-08
9.59430725107811e-08
9.66928739372082e-08
9.76337160231048e-08
9.71878976389004e-08
9.93570325983636e-08
9.92066729658873e-08
1.00945698942541e-07
1.02545332684388e-07
9.86714997121481e-08
9.81105276913748e-08
9.84206952004211e-08
9.9805343152547e-08
9.89987830975277e-08
9.87826107019177e-08
9.99446539718625e-08
1.00298133592698e-07
1.00422199591523e-07
1.00154666964368e-07
1.01381054176382e-07
9.76470769180697e-08
9.8479748518889e-08
9.89760975036949e-08
9.92803179696291e-08
9.83627328361771e-08
9.87098859992523e-08
1.00255426516155e-07
9.97972413641148e-08
1.00066164013722e-07
1.00810639167864e-07
1.01124254161891e-07
1.02392522409921e-07
1.04186837997176e-07
1.0024865370314e-07
1.0201664470728e-07
1.00292448823016e-07
1.01532743991504e-07
1.00646779559716e-07
1.00800018799914e-07
1.01449205531409e-07
1.02927896200539e-07
1.03637980182962e-07
1.02010054621038e-07
1.01682009581451e-07
1.03330095206506e-07
1.00676479153634e-07
1.00074125479135e-07
1.02214356956524e-07
1.01163616815531e-07
1.02283967340041e-07
1.02090475178637e-07
1.03138652705101e-07
1.04075361857288e-07
1.04052630538378e-07
1.05865535661935e-07
1.07573223696773e-07
1.09324241570681e-07
1.02875384529661e-07
1.03089016157991e-07
1.0305825762626e-07
1.05048584151834e-07
1.02658430317911e-07
1.03452933471252e-07
1.04591698420175e-07
1.04918690267762e-07
1.0606130398831e-07
1.05300958026463e-07
1.03718368392574e-07
1.04507722162226e-07
1.02479563787843e-07
1.03177086679114e-07
1.05338199363396e-07
1.0364390088086e-07
1.04143758572738e-07
1.04922805334765e-07
1.05446318983275e-07
1.05437281202206e-07
1.065130298915e-07
1.11119682689225e-07
1.0720788247316e-07
1.10127767501955e-07
1.0539491898501e-07
1.05899495757131e-07
1.07090404972998e-07
1.05870038640966e-07
1.07603716669132e-07
1.06183916315591e-07
1.05014326438461e-07
1.06513247558613e-07
1.0682584700778e-07
1.0778015041878e-07
1.07001641908011e-07
1.06703558505686e-07
1.05677417058424e-07
1.04630925412888e-07
1.07064573215076e-07
1.06005108879525e-07
1.08989099085449e-07
1.07247184907656e-07
1.09517622003451e-07
1.07649940905603e-07
1.0882977848602e-07
1.12945649530636e-07
1.11932587895926e-07
1.10926909636379e-07
1.11796491872043e-07
1.07718935341844e-07
1.09459254081752e-07
1.09159536321061e-07
1.09842110435809e-07
1.09139309747158e-07
1.16713280871588e-07
1.09208097610477e-07
1.08578825050234e-07
1.09482475716079e-07
1.08737020856516e-07
1.11441361223297e-07
1.10060994005643e-07
1.08252217109709e-07
1.0750039423621e-07
1.08552723252954e-07
1.10190660753965e-07
1.10668224205279e-07
1.11855001401399e-07
1.1051235150071e-07
1.10458643202703e-07
1.14686799991718e-07
1.14034313803834e-07
1.12685659013743e-07
1.10424845218338e-07
1.1037122699384e-07
1.12172795347252e-07
1.11604188947749e-07
1.11762543228418e-07
1.12923973275856e-07
1.17547674483548e-07
1.18642777958083e-07
1.13793633475546e-07
1.11877519539054e-07
1.11326745210948e-07
1.10516345624736e-07
1.12971486840604e-07
1.12021738917685e-07
1.10930811330055e-07
1.12844450549593e-07
1.13301089720245e-07
1.13999721383967e-07
1.13169460829914e-07
1.16512965440934e-07
1.14900611067303e-07
1.1439713188102e-07
1.12749808345464e-07
1.13236040361043e-07
1.1413866929095e-07
1.15140592279176e-07
1.15123250484972e-07
1.1921952035675e-07
1.21052001035408e-07
1.2060026390009e-07
1.14787129294551e-07
1.16392957858082e-07
1.16372021498003e-07
1.1406703943802e-07
1.16376355606067e-07
1.12334302342405e-07
1.14978035074136e-07
1.1376095866484e-07
1.15273581069039e-07
1.15833652990336e-07
1.15549398698744e-07
1.16627851180861e-07
1.16199565091858e-07
1.17737054182161e-07
1.17366517784006e-07
1.15982587669082e-07
1.20607238261334e-07
1.15623649119256e-07
1.16329442514707e-07
1.17440350157529e-07
1.22436825949211e-07
1.23102441505384e-07
1.24603814287461e-07
1.1791915526826e-07
1.17736993429649e-07
1.18766642157339e-07
1.18592118378662e-07
1.16076148729826e-07
1.17630661296326e-07
1.17275795385477e-07
1.18764182636429e-07
1.18716773904012e-07
1.18874351650471e-07
1.19450400233287e-07
1.19262830832858e-07
1.22129064604587e-07
1.17715181953006e-07
1.19740328753102e-07
1.20023383940955e-07
1.21975766594915e-07
1.248085750514e-07
1.26467464141438e-07
1.28756884528171e-07
1.21247559927204e-07
1.2007123903836e-07
1.20858210713581e-07
1.20324625946732e-07
1.21540349234379e-07
1.19944590144469e-07
1.20167485362463e-07
1.20937517194879e-07
1.21728601735766e-07
1.21620932015981e-07
1.26106682197692e-07
1.22194133788079e-07
1.24698897524938e-07
1.21417616464198e-07
1.23052277527987e-07
1.24372663804172e-07
1.24451445452821e-07
1.28625400494128e-07
1.29184560405015e-07
1.2968883062279e-07
1.30931696359112e-07
1.23513819871751e-07
1.22893468544218e-07
1.23569206532072e-07
1.23060979137759e-07
1.23996254378724e-07
1.23928052546172e-07
1.25965925788041e-07
1.23088173863345e-07
1.23316541658743e-07
1.24147871986823e-07
1.25751512846056e-07
1.25835203470635e-07
1.27560990709367e-07
1.25866833060742e-07
1.25630267703514e-07
1.26929423756254e-07
1.27580040374955e-07
1.31016455425249e-07
1.31514200738382e-07
1.31399987617351e-07
1.31815315684749e-07
1.33154494771386e-07
1.26843854618349e-07
1.26288441435812e-07
1.25470601724151e-07
1.25737731419176e-07
1.28045915549071e-07
1.25271915076296e-07
1.25502918337607e-07
1.27258366230678e-07
1.28353629866756e-07
1.27243517276388e-07
1.28470267607652e-07
1.30478493078468e-07
1.29482478329282e-07
1.28945088681147e-07
1.29895650040509e-07
1.33216487437988e-07
1.34351984514929e-07
1.33752866758901e-07
1.33637451656811e-07
1.34122511526623e-07
1.35435574226964e-07
1.29975032045392e-07
1.29096135967136e-07
1.28227427787813e-07
1.2999339982764e-07
1.32402963372631e-07
1.29199539523109e-07
1.30140384808728e-07
1.30049894672486e-07
1.31063828120883e-07
1.32389240747554e-07
1.33214535066764e-07
1.31723860121832e-07
1.32368398393828e-07
1.32374662728504e-07
1.36540168303569e-07
1.35257247578493e-07
1.37725652075247e-07
1.36529685765374e-07
1.37782858374634e-07
1.32165344560461e-07
1.32490612772632e-07
1.31533109703647e-07
1.34698148467702e-07
1.3419823702476e-07
1.36990282262477e-07
1.32417954701287e-07
1.3497387646769e-07
1.33633237347632e-07
1.35286448677772e-07
1.36335685910158e-07
1.35397026846846e-07
1.34321562670331e-07
1.35701224685871e-07
1.39859491023794e-07
1.38399974175517e-07
1.42045917338491e-07
1.39857671641863e-07
1.39981468200387e-07
1.42686892217504e-07
1.45218961112347e-07
1.3437923457531e-07
1.35780868102601e-07
1.35553352362925e-07
1.37640025386413e-07
1.37954192887677e-07
1.41856431342172e-07
1.36288144464314e-07
1.37687336508832e-07
1.37127347932339e-07
1.38492510563975e-07
1.39549106489143e-07
1.38401045995395e-07
1.38910174699073e-07
1.42262800093904e-07
1.42733302371376e-07
1.42243829010246e-07
1.45119252001369e-07
1.44388181756956e-07
1.48203319200876e-07
1.47828805388805e-07
1.38781301716005e-07
1.3980300208398e-07
1.39323707377126e-07
1.40750754352457e-07
1.40842691000648e-07
1.42897001130878e-07
1.44364295065218e-07
1.39511225633645e-07
1.42001346317796e-07
1.40553850818758e-07
1.41788758516455e-07
1.43017825867033e-07
1.41552344455895e-07
1.42658340859303e-07
1.4545817061212e-07
1.45773916771374e-07
1.45798116656956e-07
1.48817767908553e-07
1.4898525442198e-07
1.51516380211192e-07
1.53278318127375e-07
1.41911607801986e-07
1.44084251768143e-07
1.42817159557567e-07
1.42559580549164e-07
1.43571684289024e-07
1.43946169429947e-07
1.45453296239939e-07
1.46952845188624e-07
1.43773402619152e-07
1.45946066275761e-07
1.45643506132253e-07
1.44433357914327e-07
1.47055624791814e-07
1.46195038508666e-07
1.46194789178175e-07
1.48101350655361e-07
1.48687938527888e-07
1.51009277280768e-07
1.49408986378792e-07
1.53671736545715e-07
1.54376044362896e-07
1.54917515832712e-07
1.5613595743191e-07
1.59061359056025e-07
1.46986770476927e-07
1.47322328670604e-07
1.4725291263025e-07
1.49320745041628e-07
1.52340134393704e-07
1.48835785948874e-07
1.49503254202989e-07
1.48765021361768e-07
1.49845272669052e-07
1.50876327401684e-07
1.50030819340036e-07
1.52577557459457e-07
1.51109591883818e-07
1.52062850741698e-07
1.5481406205793e-07
1.53325410868877e-07
1.57749680597624e-07
1.58838264290688e-07
1.65133365825557e-07
1.68290144341154e-07
1.51168196947625e-07
1.50997914489716e-07
1.50984064735011e-07
1.534162372054e-07
1.55176085321423e-07
1.51881651024171e-07
1.53613332058298e-07
1.54621711007616e-07
1.55474161154395e-07
1.55380460356468e-07
1.53941305012296e-07
1.55080616812554e-07
1.58724305247335e-07
1.57612529648736e-07
1.57564263158125e-07
1.61506292112102e-07
1.64480731033742e-07
1.63061620771547e-07
1.71570468270058e-07
1.67902532472919e-07
1.74971996862576e-07
1.55713542650788e-07
1.56585817535409e-07
1.56287040322959e-07
1.58917570268643e-07
1.58078435467275e-07
1.58930614246075e-07
1.57013563669748e-07
1.56878441034789e-07
1.59100722798791e-07
1.60522488889693e-07
1.5897167827104e-07
1.59088449572053e-07
1.62161801333397e-07
1.62258673793595e-07
1.66180872455019e-07
1.66689363776641e-07
1.72840380127784e-07
1.70706428433692e-07
1.70136440473629e-07
1.76206581753528e-07
1.78528595678934e-07
1.60940269665778e-07
1.60036744644828e-07
1.61844010288499e-07
1.64099671130551e-07
1.64500923559555e-07
1.62596529598063e-07
1.6118261734723e-07
1.60685779306841e-07
1.65347514288433e-07
1.82259528731529e-07
1.63787758408523e-07
1.64083110894933e-07
1.6411295445178e-07
1.65676512104838e-07
1.69736309162438e-07
1.6743763292788e-07
1.70578831748523e-07
1.72998189005545e-07
1.76856460733308e-07
1.73377173654621e-07
1.81239121728769e-07
1.67988756286576e-07
1.6593179685287e-07
1.64824880268612e-07
1.6680005577404e-07
1.70464938180904e-07
1.68005831777223e-07
1.65145058793524e-07
1.68915708506239e-07
1.86116996267571e-07
1.871101522948e-07
1.67863015101933e-07
1.68289805102775e-07
1.74235405583235e-07
1.7206958118681e-07
1.723540074995e-07
1.7682803398341e-07
1.80445706833529e-07
1.78197971206628e-07
1.84991846641484e-07
1.71750147108895e-07
1.71937328151418e-07
1.69842007458912e-07
1.70373558450815e-07
1.68680453690047e-07
1.71556033076386e-07
1.738195765232e-07
1.72022301629689e-07
1.71448692054101e-07
1.74675112639547e-07
1.77325355267448e-07
1.94259497890802e-07
1.91276999752892e-07
1.96497456600169e-07
1.728945198792e-07
1.763241815696e-07
1.77670706784566e-07
1.78508162435849e-07
1.76782580422928e-07
1.83219954099233e-07
1.81315135341319e-07
1.82676456400705e-07
1.89690125192343e-07
1.94835746458828e-07
1.76990377713544e-07
1.74776852938049e-07
1.75612534561616e-07
1.78604148319367e-07
1.7585872588037e-07
1.7925220335624e-07
1.81002351252567e-07
2.03229290210551e-07
1.98934494916653e-07
1.79803476281902e-07
1.81128371004358e-07
1.83892924343957e-07
1.81763321009331e-07
1.85077328778304e-07
1.87231275184142e-07
1.91911378311112e-07
1.88541380126864e-07
1.97050585220042e-07
1.81151892103496e-07
1.84956322766978e-07
1.81571571816335e-07
1.80009516273536e-07
1.81997882281988e-07
1.82388179884741e-07
1.823736266856e-07
1.84067593315017e-07
1.8481643401276e-07
2.08887287472279e-07
2.06670718002093e-07
2.13100330454772e-07
2.03551946114337e-07
1.85983133552117e-07
1.87883008850239e-07
1.90018200893102e-07
1.93346432856161e-07
1.98167843741421e-07
1.86576373574482e-07
1.90104532946714e-07
1.85877158568657e-07
1.88807283667209e-07
1.86933977870933e-07
1.88423745108161e-07
1.90156648079251e-07
1.88764575400318e-07
2.09979636708466e-07
2.15620096901002e-07
2.15976576219125e-07
2.18423237606954e-07
2.03614405018385e-07
1.93854050912571e-07
1.95319056203887e-07
1.9440220087687e-07
1.97258219885806e-07
1.91960337965681e-07
1.9595157955316e-07
1.92482890023626e-07
1.94247322408983e-07
1.9355239731712e-07
1.93595626972609e-07
1.92859457261055e-07
2.09484790755085e-07
2.21786855130698e-07
2.15919118055219e-07
2.25665932838788e-07
2.24074671440033e-07
2.0571652262395e-07
1.99316023291365e-07
2.00973920146149e-07
2.01955238760177e-07
1.96842168216421e-07
2.02160991545009e-07
2.01275820590593e-07
2.00338083746003e-07
1.98887621557042e-07
1.98439912718985e-07
1.97131302707102e-07
2.11105342652567e-07
2.2899510281697e-07
2.18255170728951e-07
2.23016095783373e-07
2.36013332713446e-07
2.34397263831254e-07
2.1113134027218e-07
2.05070753368389e-07
2.07511564442312e-07
2.03821104586688e-07
2.07582656454417e-07
2.04424633675548e-07
2.05451172086038e-07
2.05167711855699e-07
2.11777376534423e-07
2.01671730426831e-07
2.17288067009424e-07
2.32796320466192e-07
2.26665445503171e-07
2.41272374665742e-07
2.42971005402557e-07
2.46162588821693e-07
2.13365932076236e-07
2.11132066722433e-07
2.09099805944015e-07
2.11427822875678e-07
2.15480806865424e-07
2.10677773683895e-07
2.16953245545559e-07
2.17994443456363e-07
2.11387441566573e-07
2.25375558648908e-07
2.19714826598466e-07
2.34145765750519e-07
2.43059817802286e-07
2.5260093577175e-07
2.56889759637749e-07
2.19684845673438e-07
2.19461638404369e-07
2.21581772880964e-07
2.25722579749288e-07
2.22215878341059e-07
2.22139904661802e-07
2.29903443066804e-07
2.27331877269746e-07
2.37436099161946e-07
2.51809220408164e-07
2.58387382357688e-07
2.6600522556131e-07
2.27680872520496e-07
2.33526539804581e-07
2.29477070496893e-07
2.32979322866358e-07
2.33266792805133e-07
2.32239085752194e-07
2.40550670502233e-07
2.58117247776076e-07
2.67642369555543e-07
2.40539679313134e-07
2.38110718036665e-07
2.39886702062706e-07
2.41405206178438e-07
2.43678398822172e-07
2.48305764660464e-07
2.58918500820654e-07
2.69314398668331e-07
2.51734278877144e-07
2.50789789448229e-07
2.49225093736137e-07
2.56889759637749e-07
2.59988617439393e-07
2.67642369555543e-07
2.58358358601888e-07
2.62828880876147e-07
2.66819546961383e-07
2.6600522556131e-07
