3005 29756 3228
3672 13981 13028
2682 32525 21565
1843 55360 16988
2937 30788 2406
3657 12810 16115
3317 15004 23234
3522 4931 23100
2897 32013 5586
3368 19664 14761
2641 37737 12047
2751 35386 2804
2661 34304 19550
3560 11966 20813
3154 26553 1514
3476 16065 16670
3485 17810 12122
3441 19715 8803
3224 23879 7848
2640 36235 14447
439 91086 806
2181 49256 1756
2783 34892 6341
2975 30378 8448
2465 39500 17458
3024 24640 20579
1680 58929 19092
1344 69077 7577
2996 28076 16251
3891 10526 6093
1893 52734 24377
3786 8950 17486
3240 16755 23893
2313 43826 17897
3568 7387 22188
2836 28805 21988
3148 26765 4238
3230 24881 3194
962 78732 10599
3309 21806 10642
2210 48038 9508
3163 25600 0
1650 61195 11052
2462 40525 19380
3482 18516 10080
2699 33239 18784
2630 38253 5214
1520 65830 1238
2376 43516 13574
1579 63122 13182
2053 49932 17467
2509 40985 10513
3085 27486 8631
3102 22440 20077
2262 45112 15521
2285 46438 7457
2483 41728 516
3021 22656 25000
1056 73140 22334
2378 42411 14550
1953 54163 11527
2254 46578 4516
2572 37207 20417
2686 31085 23890
1827 56975 7026
4063 1937 12575
2102 51145 4031
3436 20625 4969
