3081 28145 2711
3919 8824 11825
2775 30615 20473
1940 52631 16864
3008 29440 528
3793 10966 14208
3399 12335 23970
3525 444 23720
3002 30038 6213
3423 17948 14517
2817 34173 10289
2862 33135 2614
2698 33662 19500
3648 10015 20663
3194 25263 1847
3566 14474 16711
3586 16056 11070
3681 16113 6224
3341 21614 7437
2843 31971 13607
868 81531 720
2292 46293 928
2854 33255 7720
3011 29030 9013
2580 37247 16894
3026 23390 21386
1784 55682 21155
1536 64050 6151
3143 24328 15434
4053 571 571
2091 46533 23913
3834 4318 17473
3276 16015 24410
2391 42172 18333
3709 5430 20186
2871 26481 23734
3190 25604 4541
3340 21755 1223
1198 72842 13373
3350 20595 10635
2296 45452 11115
3338 21334 672
1764 57825 11200
2537 38693 19274
3675 15038 8772
2846 31230 16923
2670 36849 4971
1777 59239 701
2449 42042 12529
1659 60092 14972
2158 47157 21295
2626 38370 8946
3161 25362 10455
3246 18641 20411
2263 44286 15756
2473 42551 6853
2634 38405 886
3130 20014 22820
1330 65333 24344
2491 39714 14243
2070 51024 12096
2402 43110 4131
2565 35209 21964
2723 29975 24055
1941 53729 7619
3841 572 17619
2179 48958 3964
3679 15485 3049
