-------------------------------------------------
    SYNTHETIC (case 00)
-------------------------------------------------
Winter:
[[0.13810874 0.23088289 0.46587325 0.46638875 0.46819071]
 [0.43038141 0.51129236 0.67035579 0.67062686 0.67155354]
 [0.61553862 0.67518779 0.79759106 0.79766244 0.79792688]]
Summer:
[[0.75097885 0.74233906 0.69849893 0.72791023 0.75718734]
 [0.82935183 0.82552826 0.81127636 0.82788135 0.84667288]
 [0.66903443 0.69572338 0.79902715 0.79912406 0.79946237]]
Max:
[[0.76063457 0.74910692 0.70086556 0.73358833 0.76457333]
 [0.83279068 0.82831654 0.81294774 0.83283017 0.85365185]
 [0.67024452 0.69633253 0.79917409 0.79928625 0.79961885]]
Days overpressure:
[[0. 0. 0. 0. 0.]
 [0. 0. 0. 0. 0.]
 [0. 0. 0. 0. 0.]]
-------------------------------------------------
    KAN (case 01)
-------------------------------------------------
Winter:
[[0.1443463  0.23401977 0.46600797 0.46652692 0.46833705]
 [0.43649859 0.51340058 0.67040685 0.67067924 0.671609  ]
 [0.61955468 0.67642913 0.7976097  0.79768128 0.79794604]]
Summer:
[[0.97965742 1.03493028 0.95988168 1.02808497 1.06787292]
 [1.04413263 1.0211242  0.99705314 1.00656367 1.01269874]
 [0.7711405  0.78519723 0.84911895 0.85071246 0.8572541 ]]
Max:
[[1.42236489 1.30293169 1.28794927 1.31627289 1.35740238]
 [1.47879718 1.47672417 1.26265302 1.38919108 1.4868874 ]
 [0.918585   0.94654709 0.9900781  0.99271896 0.99754231]]
Days overpressure:
[[ 8.  9.  6. 10. 10.]
 [ 9. 10.  6.  9. 11.]
 [ 0.  0.  0.  0.  0.]]
